4.50677663771e-86
6.3319179079e-86
2.82860512135e-86
4.31969325901e-86
2.96322409873e-86
4.62682563467e-86
3.62332330629e-86
4.62429521363e-86
5.16045626493e-86
3.89722730774e-86
4.98181356579e-86
5.06443430945e-86
4.1305588725e-86
4.06037710731e-86
4.00661897292e-86
4.07273310826e-86
2.70374683432e-86
2.60800892249e-86
2.69814887124e-86
5.28644542485e-86
2.49198993139e-86
4.46391603414e-86
2.92582204202e-86
2.49868416161e-86
5.05086929115e-86
4.23963526113e-86
6.45588600082e-86
3.75231858244e-86
3.18907832204e-86
5.23767863625e-86
210.752737171
307.338306068
312.113885315
232.091155499
191.830509289
135.498017073
215.406490127
152.478102321
297.330186173
235.672217827
249.714189206
287.450879868
227.816767917
268.798803182
319.485294945
233.930390592
334.227396238
180.691893435
154.569209896
132.762328895
341.12652169
276.410229272
180.545268588
255.937059739
341.78392418
331.403166679
159.346195639
199.840360151
197.918211491
260.894158658
