0.244014868055
9.28763818189
1.08096071566
6.5980330857
3.74348706665
2.07651846209
1.0056163153
1.18230626076
2.87510242596
1.5630636652
6.89486608513
6.53336299328
6.55728081695
8.17035746603
0.160948660172
7.46885445321
6.79444590189
7.3981583289
9.71981846186
1.61266710701
5.05558111935
9.75091936321
3.40444482636
2.91206088704
1.65582173987
0.0210032326928
3.47232152725
5.21525239173
6.83762314722
0.85776010012
2.27545553247
7.14930048898
2.58406766588
7.47551093598
3.44653571385
7.03512765149
9.12122500487
9.65031288845
6.98488542347
9.98058485263
9.93685824733
9.24225841255
6.04764329453
0.510711564214
9.3127913142
9.88235727312
6.42889883187
6.44040899778
9.55423993196
1.83382369007
4.43563753146
0.228279716263
5.75788699916
5.56973273806
9.69321832535
3.55091903672
0.445105362594
5.1283820415
1.15429351034
7.74754264556
2.14719902645
3.9469300302
6.90608756996
0.666534695867
5.90012966505
3.37313036228
7.48093194906
8.65608896661
7.03014639655
7.66810506111
7.1602708781
7.55088735528
6.46855285698
6.52175384763
5.91853617379
1.39143957426
9.40346007358
4.7386361926
1.41500630528
4.8252248062
4.33676407779
8.05437186205
4.83947645043
4.19595794523
9.9884693149
3.14811497866
5.96908273948
4.30923087958
7.76529470332
3.63260250463
3.23219459519
8.32034951989
2.70298740229
9.22639928865
9.1726267885
0.808551369589
3.32166361054
1.17862702258
7.681640912
8.75807646054
8.03687363393
0.4987590055
6.07434906626
4.43260297153
5.99873055548
0.510853829126
9.57843201616
8.06464736561
6.3511596715
3.87631242946
9.44732935093
2.78288845901
4.37767196189
2.70423348568
9.04951115659
1.76208989955
1.75810571298
4.78093991745
0.469332825911
2.94814146449
5.72005278603
0.616425879654
0.559626586151
3.86523300891
7.10818549277
8.32970796649
7.24407425121
8.99707807662
5.21833090488
6.67706718937
4.45740366517
1.36144498251
0.687460170123
1.23738736357
3.68215923693
1.33440775916
9.8307549553
1.05291349579
4.54314658257
6.47792336035
4.83974314843
3.9239938375
4.56875345785
0.317331187467
7.25316009502
7.3326675572
9.13058676605
0.408618663878
6.12152521925
9.21868157222
8.34849345285
5.86299316735
8.77270597732
9.84283257365
1.24209456102
8.72389586285
8.17307118092
7.74330993148
7.50919836023
3.14920260997
1.01037623645
9.11725646336
7.54895787212
3.0459228713
4.18704889108
4.89057456408
7.10751545732
2.29816114814
0.838720774274
8.25265862968
3.46947555549
5.20654461431
5.4279204838
9.96406150266
8.8046152353
2.820229623
5.596448155
5.03323685995
1.52308592367
9.89897241285
5.42253431042
2.80508144397
0.0934937391933
1.84479258644
2.16962451
6.69904837655
4.82584866458
3.56404381671
0.337222832311
7.18933131198
5.61662350772
9.97011892938
7.01654228537
9.76773531516
9.62672761026
2.77852441004
4.89393197261
6.43174619585
9.37395110925
8.77829565826
3.41320028978
1.73922114985
6.56631072333
7.67788260408
6.33178531054
5.86403251012
1.46389852229
2.9287957283
9.61399196628
9.24162632479
7.94003856612
2.30453551454
0.856002319567
0.347866093321
2.83583208371
2.2188714706
4.59140934135
8.4264784585
7.43368389326
4.31723981681
2.84875326249
1.68208918955
6.53197881356
6.26953293092
4.33149000786
2.40024085533
5.76677625171
2.73835117314
6.88743081324
9.63963117196
4.60204162384
2.60660481351
4.25482257307
2.2819066535
0.273930687034
7.46320730409
5.42670121003
3.90214562748
8.62378194507
9.04577909185
2.76630619051
9.6785556833
3.10585449698
1.33710720832
9.30569109451
0.0766701614699
6.3900523821
1.16821595809
7.60431296899
1.57080151806
8.97545013465
4.34995959615
8.24977026541
5.24740514523
7.92720528219
3.65742233189
0.240663784864
5.75624406055
6.1923499094
9.99106200384
9.83456384999
2.04097200005
5.265285527
5.40378198486
4.4455963904
8.93099538152
7.59075619697
1.86333731528
7.41214445473
5.86010717542
3.67099115904
3.19689181206
2.32682633193
3.96009985873
1.15577300673
2.49253080825
0.321115760369
4.84981465128
6.56356322346
3.25319798047
3.83819349252
5.12787722541
4.99124070596
7.24204662049
6.24064357967
3.39348215531
1.25537641036
1.44381050057
5.87594060993
0.0543131386374
0.376157975267
8.85739269661
9.14629253027
6.48561992162
6.88479752603
9.41307081699
4.38986956515
9.26572854695
5.83171902513
8.69582230562
5.19129193411
4.62322622911
5.36918885862
7.00970057269
6.77732191079
2.29841499047
7.53999747406
1.835953731
7.69081087074
4.35120387912
8.404798976
6.68081516854
0.41420768053
1.35343315664
8.63097214118
3.54359534746
4.31803895287
8.86757953166
6.48021531798
6.31690834151
0.590511661406
1.91658013141
6.70535422063
0.262295685462
3.03005291992
4.32057600287
8.8027684432
1.81562607993
1.18323288388
7.63394300529
5.03798017094
2.11600664721
1.32859303411
9.06555988985
6.17160736857
0.0423308791172
4.92879622552
4.57561081229
3.37987038216
1.4292643378
6.27474751144
7.44099534566
5.81989432422
5.10646632976
4.56931588964
5.85163395131
9.77322095164
2.40773617267
6.13370635211
4.09701225839
8.930066537
6.75290779828
4.22039478447
0.578671922001
0.62812624623
9.49008132253
2.18390616974
8.86772224641
6.41520198936
4.23502731554
0.139469553426
0.688311200795
6.83877562513
2.94262829053
2.31684013378
8.74721080155
7.38830564863
2.0622882876
2.78548412992
8.55653620618
1.00867916106
8.9798299404
1.5036851282
6.23438185244
2.00164279343
6.12716523073
9.96094165403
7.85836530789
6.8222779802
9.41941946584
1.67998346147
2.96495259535
3.5917256126
5.99594659318
1.65860938853
9.85915341995
6.98552983199
6.68250699236
9.12546868593
3.94479370138
0.355748060124
8.72696579538
0.830009668518
5.29081980188
4.96958294031
2.20444388492
6.49096727515
6.7440937993
2.80582941423
9.43968655272
2.90138950216
7.16585483245
1.25427331759
7.8224024811
3.1312622407
4.36527787849
5.01197218202
4.68807470062
1.61274108013
4.61676331326
2.98302286911
8.11251191627
0.788640229931
1.36015946745
6.02024695695
1.3066147212
9.44738467477
6.29924819119
9.81785459752
9.17342844825
7.74740035029
3.03774058947
9.2393449268
0.823295100618
9.21371133224
2.51560459875
9.34652031113
7.92390402528
0.91957481196
3.29431445247
8.63772379375
0.0339767518288
9.86362429374
9.35760094573
9.28438215783
3.57418564892
1.35827540883
3.23920445989
7.31531719635
0.0445189425796
8.98343355401
9.53362930432
3.67810664394
9.24253295664
8.98717754292
1.74640748942
0.276657134829
5.2697265045
1.12324322988
5.27626421753
0.427422273436
1.38067708236
9.03240518096
7.0864922329
6.45462631279
4.76956917358
3.30697838565
6.69796642785
8.66362789542
0.296029335553
0.620618699047
2.19102340584
8.3198610578
2.34932763391
2.73590053774
9.75731606609
6.16811063548
7.16153230471
1.73549300997
1.18601757866
2.11209228916
3.45799005051
4.96857923294
2.08063845986
6.47914141837
2.04680522763
6.1006569966
1.44766071871
7.7662446452
7.02539293271
8.75222041003
2.86230744897
4.67227581008
4.4176037719
8.78191715574
6.01888215232
0.990555960079
7.10655243718
0.159370179348
3.56674049143
5.12980285021
5.95855574984
3.8536575182
7.35451299129
4.00158450505
2.51979030124
9.50287673
1.11361031132
4.38939897039
9.78190134921
9.41621386913
0.174544185853
1.62041148969
0.0650634126177
1.49286871799
0.929071759819
5.98137332107
9.21038573775
6.52281740972
7.58333204021
7.12999301321
4.24238254819
0.173262400796
9.23584896023
3.37674023576
4.82577233893
7.47225649591
0.691873014649
9.04948685374
1.39981844886
5.01547129664
4.72327277767
7.56919554942
4.27428485284
6.39538219357
2.88145841921
8.91116131196
7.63046838619
6.61854872941
9.92917289028
4.212589696
5.25566935015
4.63293615651
2.27905277075
4.394386376
9.65996184299
2.98727095223
9.47036779315
6.85108503049
3.87480589589
5.58489668113
8.28431830842
5.70774189846
8.32200258683
2.22213647587
5.49742800169
5.30518277614
8.17355893692
7.39431365197
2.63430021776
2.42674751898
2.62919199796
8.45233246861
0.950976193269
6.479737417
9.35913541401
0.633152309869
9.04191198356
6.65077183501
4.00634115977
3.11047650847
7.94018714205
8.78722424834
3.86964678664
9.18783711661
2.76932627236
6.09933824569
5.91177642495
2.26215438304
2.11521632557
5.21852133836
0.486051163225
7.54335927328
5.85048947239
7.48946158243
7.98728066458
8.3373256901
3.98650875054
3.37063703469
9.10394932055
6.41673817273
4.96503705836
3.42872300576
3.04429010883
2.93527244827
9.75367210229
2.38203319749
0.117396071934
7.83780092467
9.70105950828
6.1714302829
5.59804319746
2.58359882824
8.12656128887
0.199589719619
8.22867534912
5.75587755517
6.72560110601
1.09113561323
9.72023274443
2.35287947769
0.624842210762
4.32164162441
9.33135075861
0.67581630058
7.44426420712
9.11436130368
8.69760038666
7.04551347149
8.0716354006
9.46640752568
7.64439492799
1.06997869056
7.38123812831
5.14389816405
2.62085560255
2.33330199766
7.85761564201
2.13557665437
8.23907248198
2.26234006481
8.2021866856
4.16260969924
1.79649598864
5.55974407219
3.26111450936
8.54999669318
4.30279355457
1.38254878365
0.58629902437
6.72603431583
7.49399839127
1.79648356983
4.79688255331
6.07272689703
1.83982416907
0.736002416273
5.05569788053
4.21240374574
8.66974951917
2.26903385758
6.24140563869
3.36127441067
8.56510103168
0.29714323214
2.4801180025
3.3114337199
3.79452267042
4.21548337165
7.95946251155
9.86408854863
1.51727038879
7.80330599716
9.49280853303
2.98882798276
1.29566086429
0.305131361828
5.08680706519
1.00569281989
6.12561439858
8.18540923493
4.88251758244
2.0779321288
9.5940212289
2.24345567106
2.3445094315
6.00021462358
7.4752073647
8.93411529506
0.625581387114
4.43696202947
7.48393714985
6.56206386688
8.84447398465
6.84043038003
7.65431884007
4.11312613339
7.14642349972
5.14496654241
2.85361160841
7.72022868297
6.12022104272
0.192148580603
0.795422016006
9.38963987857
7.40029780515
1.16764402638
9.95620307779
7.59323068364
7.40071125439
5.51781580103
8.26456999898
3.18355736106
9.79364937058
9.73221134436
1.8994448666
2.91996145563
8.24498299419
1.23378614525
8.76827627587
4.01678899736
1.78478532598
2.70268927737
8.37479225202
3.29692508014
1.12748374022
6.76100604058
2.21857865209
3.10725308425
8.3739390691
9.33971237835
8.02929084928
6.90589829262
5.45813800983
4.55637690789
2.39837628262
6.36734438922
5.20133980115
1.88463418488
2.48789374521
8.48187714965
1.19329088388
2.09935533823
9.05378013382
5.41048395801
7.03057326953
3.71481578575
8.47645298537
7.16075821232
1.38139542333
4.34432575131
4.86176192436
5.22301367298
7.83288230602
0.83262142198
1.4313419472
7.02298108242
8.36836504373
6.7155871433
1.99661962536
9.67618676871
0.721304461417
1.63201754088
0.804352482012
2.83373570274
8.71564809393
3.57395173783
5.23868115167
8.831199094
0.362803605242
4.02426840177
3.06649147153
6.47077845066
2.15703822104
7.45416039236
1.57366363028
4.63209774584
7.14447442087
2.06863234916
2.40516789927
4.62993943049
5.64587435955
9.86520937083
4.17152421596
8.52852889058
2.8368811537
5.08299165051
7.50446258816
0.511619168525
3.43493494713
4.99348632109
6.77815618459
5.03290078181
4.73827868128
3.69773587479
7.40622433411
8.36111626746
6.8728701486
5.02597704688
3.11639642695
2.40213552096
9.27217241348
4.45858728211
3.63304304718
7.69281434384
1.06688637267
8.99942537854
8.81889316416
1.29089965815
1.6149780352
4.66503925411
0.941412720094
8.93199939012
7.66078368121
3.9094429418
1.1591500688
0.134290325985
7.94783810569
3.20344341935
1.03693876447
9.78868603436
0.229060786239
8.62812874284
2.01753473353
3.07471639667
2.2309756991
2.77416331779
4.13152906669
5.97200007577
8.36866413139
5.18542278309
8.43948259581
1.74392874135
2.97809213174
2.3055398053
3.62149458942
5.33275010993
1.89385155072
3.44344938175
3.57925212135
2.5774815323
8.64089258055
6.38445571111
3.69276160483
1.90004262604
5.36941600312
9.25623397716
2.23815424424
8.67553695284
6.74752055715
3.36289055854
7.09463586314
3.41590189128
0.419294305901
7.02687875842
3.13467070534
2.49563108005
9.55027044866
5.72356230386
2.05734194925
3.92134386792
2.74709888307
3.10865272692
7.15874296817
8.12554265197
4.50990669777
1.54695518454
1.96294046863
2.60473685225
4.75574970144
9.36419108398
1.15890400182
1.29486411428
1.63956178626
8.72311005121
4.61223005851
9.41987472836
1.4731264563
0.0806021352311
2.25436023181
4.07185613631
9.80885444374
7.90229820382
8.46234073761
7.54212875535
1.92482033204
3.25025389171
2.60550350003
3.32852992166
8.49311333367
4.83628816514
3.54220514726
4.37987173809
0.156231300978
5.86359003435
5.26786987562
4.42663185305
1.99508672851
5.67347425096
5.76360992883
6.34923774712
9.47580470462
8.36846341102
6.49191751804
1.07896924642
3.61271650599
8.57270416555
4.42834958049
5.11576040464
6.85248150377
0.442953046091
5.90038490649
5.46462643076
1.9296456354
0.608091980066
3.66153082294
5.45085963813
8.76757250074
2.64137889653
5.42529107005
7.94136677383
4.2942756512
1.43428417919
6.28471481587
9.51020595648
5.76177958021
0.448937649706
7.51138971266
3.91581432882
0.509424055772
4.51693174516
9.19602350618
0.0452596138279
6.68170715606
6.10650871527
6.52258647655
8.91430134042
5.61364972368
1.03374268339
1.97415757877
5.60177059666
1.11039928153
1.82534375927
7.45193801696
8.57215017914
6.38381608611
7.72685702447
7.8205379397
8.72235688289
7.58078719003
1.66042174532
1.80017539082
8.97875129755
8.88771616709
9.75839150776
5.31862979997
2.17356017234
7.26529011669
2.56225020162
3.65817695978
8.27454174084
0.642212122161
3.94068471881
5.43406501672
3.23683385103
9.95484286517
3.30132275249
9.07789966271
1.96805665574
1.44752394569
1.0370434391
6.56847753203
9.70797728304
0.855032805333
0.519787094047
7.24909732783
7.23117479868
9.40998901714
5.6145000118
5.00523998141
5.1664608085
9.57027645534
2.1983859243
6.32740488417
7.39668188892
6.30722287636
5.61589693831
8.62225281721
0.769217501758
5.46159068325
3.04182656381
2.98997530379
8.81131904666
4.69281800418
0.249290124472
3.39388966549
6.58767858523
5.70890361588
6.43077307709
3.78186380804
5.2396563598
5.29120327903
7.15842877593
3.89037713113
8.61202167789
4.50818303698
5.33676322229
8.68779275347
5.2121351082
0.810567907527
0.874307455802
3.87819246997
7.06762816418
2.1711804173
8.47463713937
2.11282520373
6.03513925348
0.271626688049
2.33041184326
8.20031237137
9.34166201672
4.63133937261
3.11177627543
5.87823072074
8.83496615071
6.58071468305
2.01504306302
7.12772092094
4.65310450258
6.63577893603
0.131882320441
7.66050122684
1.06908675092
3.46559184307
4.23284437015
7.14432531777
3.66093394513
5.59591160328
3.09638188922
9.44707556274
5.75278604972
6.21663844619
4.93898402532
7.74773932918
4.77765166319
5.90621194561
9.27791445595
9.36464371004
4.62152734204
4.5000445203
1.15285916346
1.06945034407
7.63444292521
0.264806462974
2.1167250655
6.01193351794
3.14695773401
4.12632746759
8.51535029391
3.96050485567
5.69331588625
5.80092753671
9.35714817273
4.85515960858
9.83031135164
0.0355224688157
2.44347699775
0.700562360359
3.76023621338
8.50497605221
3.26548747849
2.68186589069
2.45911539514
6.60013602889
5.43078538627
2.22263635873
8.97289005074
3.20972581191
3.35333858465
2.63802920401
0.185846058574
9.54451657061
8.95502495221
5.45692917523
0.589127044416
1.21875249273
1.62727462422
6.25939610752
3.39026849026
2.85553072304
7.53133956287
6.86878388805
8.59422497504
4.44811839729
4.76632525841
9.77159505854
0.101831911947
8.02897163562
1.7709889904
5.67956007386
4.85365353666
5.36367451229
9.56403060331
8.60234965616
4.86786123737
4.20980618951
5.65905304883
8.92796185661
1.70471368766
1.26726393651
2.6131871397
8.64043994985
8.93747319643
4.8470681741
0.357695827184
7.78071550868
9.88122444955
5.65578773692
4.35514010719
7.75303121034
5.28026696456
8.32884606734
1.39870208685
5.88077894131
8.89997894488
1.48941711747
1.40423724142
2.27137734419
4.08341856719
5.18415621506
7.65701992285
5.03002275989
6.53526994241
5.25999621944
4.5828412496
2.7833343859
9.02360443835
8.60377703672
1.64440570994
6.68269968338
4.06668669125
4.07771796612
2.22397324325
2.8039380409
2.77240398219
8.90225944092
8.9781404125
5.73783500723
3.7420066786
1.2273075618
6.07464401327
0.791781719163
5.34578661469
8.75736915303
5.16041348479
2.35060069362
3.6374786902
1.18943220332
6.74153368695
4.79534358468
6.14778547021
6.45018140334
7.90032326691
6.07610368754
3.95957786972
9.99017031773
9.9291710238
8.93142284356
0.751683149714
6.21612207094
3.18171211163
5.94332014477
4.12112333882
9.17999955755
7.14108848044
0.234976580606
5.67011575853
1.90523507993
3.58624609175
9.03109532079
7.05360974682
1.56908244944
5.74429353081
6.65790567905
6.3982920877
2.15708876738
5.9219883811
4.537296118
2.21861441348
9.80724733488
1.54027276391
9.04019239072
9.0649837154
8.50758937325
6.97572255464
9.98850254004
5.09880821317
1.07829260102
5.16619419509
4.60424200246
9.17198143605
0.00690188429159
0.926848071954
1.9259490029
5.10379244945
8.81746255807
6.80324861698
9.91869092359
3.43694688981
8.60497890426
1.11888379443
6.42393541339
0.395113697153
4.17655269228
0.344274899806
3.2468404198
2.53544468403
5.92119343868
2.0690671315
8.50208452999
5.84977738285
8.58161855546
4.01349532023
2.11991741116
0.0277499059417
1.51565739511
9.44160244603
9.44926764259
2.33293841604
8.34794426771
0.872908631647
9.46923487615
3.90624052204
5.10968835565
0.568837084291
6.8697806714
1.67413874783
7.64274432747
5.82159401385
2.2489902231
3.63188146554
8.64097604377
2.39202881959
9.78249520592
4.86550630904
2.92477269545
5.49856298392
6.41877746137
8.12796153878
0.951520453158
6.14867839087
2.08911281625
9.70685489862
7.82567995819
5.24661878382
2.09794083613
9.59652965647
5.80149950512
8.53551712499
9.32736945684
6.83532815218
1.98546478402
1.07708744064
2.34609209308
2.13158040141
8.05943245819
4.97883648553
5.81767894662
7.11309422512
4.03864629423
8.0073502647
7.70206513424
4.77635040298
6.58573402719
3.78199526767
9.05747914454
1.00041352727
8.39729481351
5.2785534578
9.94175911622
7.83010117512
3.02017117876
8.93334901923
1.05669853783
1.82159362781
1.17004459475
4.89509674892
8.44343633581
3.97360276165
9.80624267356
6.52066336611
9.02477520641
7.62884370789
3.95740590038
7.30197448382
7.03296666855
9.298729164
0.0769592713723
9.09818594217
9.80267538995
3.2437815997
7.21779359464
3.44268489471
9.49097000458
3.27522320303
2.19053263337
5.42654511371
0.47456106046
7.72679100695
5.74165130596
0.587477572962
0.0439163424496
2.29359619671
6.99268124151
6.4808140686
5.30659511003
6.44992635147
9.66788054758
4.50294159579
5.90358291825
1.45535633945
0.67745476961
9.39920757281
9.65174128545
4.83009956314
5.08429319533
8.02493184387
8.63600388094
1.32948880861
1.36217733544
2.56818354548
1.97799145745
4.14970103234
4.29263240312
8.48994592867
4.6324863234
3.90771021782
8.39843221173
6.12506502905
2.20156750076
8.64690328313
5.7355831651
8.01957096784
1.18788357908
7.30703893514
5.54034320785
6.26794573513
0.00989896062857
6.05219806761
9.61224394792
1.30733718518
3.32778456985
2.49790702052
8.88189109323
3.17822313982
3.1994339455
9.00756508423
0.62744671083
7.29243365078
5.51904660733
4.87738612176
6.93007275299
2.21382028169
2.13384300363
2.08832630794
9.88315394491
2.63639789576
1.65475860705
7.89974039103
9.869295701
5.59449553859
8.52324863866
9.93202977042
6.23502095227
8.96731690169
8.57621730275
9.40361085258
2.35050819036
2.11324477601
9.15589430805
0.897805035274
4.85620526
3.50401606827
8.49633839592
2.77452061756
9.78155336388
0.0421553800638
7.21816073452
9.2248678593
6.44772416108
0.543171482602
3.48608044398
0.796780107547
9.84371853605
9.84853255523
8.99538808602
9.54172870442
9.42500556221
5.58905746704
4.20655619352
3.22939839171
7.04463013246
0.0776858836164
6.06942273476
7.50590836451
7.36695062631
2.38092664285
7.31470877687
6.70480880129
2.57023884752
1.8004553419
7.93716289676
9.57406806991
4.25184751627
0.563028515528
0.878118107673
7.20366960719
4.26094502286
8.49613586529
4.40611611038
7.80007781674
5.25250672131
2.50220526626
5.84376318211
8.5987136359
3.75438589499
5.78610667038
4.2093102026
7.17387228617
5.84119804131
5.87338537662
4.20163622626
0.734799106139
2.38641343467
8.22678988552
1.27645012101
4.42334286895
1.87657754289
7.65077172613
8.12370814108
9.25406087425
9.30115706315
7.07858398076
0.237431748445
9.03671014915
0.764212657425
9.43966719915
0.5103520397
6.52238551569
3.4442104078
0.337580492073
6.33697209531
0.673886749782
5.65710678014
2.02861479177
6.3370977338
4.93873280333
9.87136133332
6.65507265212
6.48296198323
8.27913323433
8.48310606515
8.66565079548
9.3049866353
1.74104834542
3.14298226716
7.04176427344
5.93082778159
9.77875623624
3.7791580431
0.641066632609
2.36933957896
1.17240291542
5.13541945176
8.2129792269
9.27909027655
1.47545727554
9.95482461942
7.94590889591
4.51133148973
0.843070113195
3.35723151735
6.14202306593
8.15275486268
4.74039038287
1.67977062301
4.83769274237
0.39314699632
6.94935918594
5.26770870565
6.97860319137
9.45188814213
6.19248475989
1.7675895032
7.60495442471
8.28251462486
4.0931521712
7.45548388604
7.1074111892
9.46020295802
1.1143774977
9.0881100559
3.36536380491
3.36269417953
5.65078968228
3.68027365623
1.91652272244
2.2703878176
1.8020690527
4.94236791871
0.382795283129
4.43744841865
0.0394839748323
1.34614267885
0.881899142918
3.69568733867
4.41786438437
3.19944053189
8.95621269932
9.27904150578
1.40057211435
2.97941586095
2.30295657486
6.69397937057
1.95872110951
3.0878211568
5.35768330534
8.06970477883
2.22708125768
7.55761542656
8.26762450624
9.46672433252
4.91395173895
9.85398606808
5.83344596633
2.27483678518
1.73115991029
4.23062727246
2.50336553547
2.255695724
4.74328245483
2.50127800908
4.44705312324
5.7859860776
8.92326957389
2.89689399666
5.85843978004
7.1989353462
6.63286390345
3.12962010391
2.14697436095
9.92920542141
4.03499331414
4.36042837478
8.02962729084
9.91522676778
8.82011756487
4.20428426778
4.69942983538
5.49875664686
8.56001276714
4.52655558797
1.47000951626
8.52903172323
4.96594354849
2.70094884376
8.8956576251
2.9345515485
0.457878051709
1.99703481319
8.32961278534
9.82987823798
1.7770180649
7.15830860372
8.15866171236
3.92587045202
9.48266995752
5.45777100311
0.725851403486
1.54773605852
4.87461913397
4.57357958239
5.56975013896
0.572893208777
7.27654096158
8.83008070933
0.567024695318
7.91868391906
6.26921029464
2.36953893387
4.39810252399
6.52969960877
5.02024097162
8.85644220785
4.06302012166
8.30484457295
4.53917035902
4.400930072
9.73229485732
6.76102363666
6.13449400048
7.93692723962
5.85439375408
2.8908218418
2.76454074229
0.703367885885
3.73301524349
8.73395591172
8.75844488696
8.6711655719
1.41416263904
3.13092120596
5.29261749542
9.63303689266
0.828979299247
3.36464858781
7.92514691836
3.50297615008
6.82382174525
2.77169747617
5.62479988347
4.28242480962
0.276971884123
6.92078792732
6.54814902626
0.0191931696993
6.07049933144
3.8984064717
8.49111228148
3.6152051519
8.57952971463
6.08272355006
8.81383110849
4.5850754773
0.379804329271
5.55587506618
0.267730018825
6.24768037329
0.71138572695
8.33441058855
9.09550654747
6.62911000879
1.21211804108
5.42955003374
9.50463621242
8.51100964485
6.08156430766
5.01414049396
5.34427745152
6.61326785305
9.94582286254
1.57193178083
7.04164202853
9.49036275795
5.9734325445
6.65877941883
6.6646405665
5.90982043586
5.42285870808
1.21457626586
6.72664152571
8.47695604336
0.547297537095
7.34060490606
9.91557089328
6.87474202728
3.54939562135
0.708616018449
0.438432912023
6.66439743532
7.64742276356
2.48816995501
1.01063002147
1.03873168093
3.85800054319
0.332661381186
2.31116066402
5.66509034499
3.68761756167
3.22879833642
8.39892657961
0.444095899809
2.50728679285
5.52949997695
7.22416577759
0.0518860410024
1.62054462926
5.24495564255
1.40512669408
0.411224345006
0.180823114867
7.27601161542
8.19617889294
5.274328949
4.49689528524
6.13800175733
7.11037929815
2.22984991842
8.6744347228
6.43697820062
2.51385577607
3.5193595497
6.1401078331
2.52555083631
3.28558617718
0.969775432216
2.20726161548
0.529456710897
5.97775397068
2.10857470106
4.41161055818
2.32673726082
4.68945795505
3.85879810434
7.18611456095
3.96087319775
3.74847794003
0.129809706449
8.61101607729
7.22378645063
8.95950835822
4.46680966794
0.0750845315648
0.665104939253
6.01407598739
6.24837133359
8.33608891678
4.04810102217
0.555334779988
5.64084296153
0.825539349428
5.69775988345
9.05692620265
2.86772690328
7.37761657851
9.24171712651
1.80953152267
1.81681164906
3.2176205407
7.37840570849
3.68384585439
3.98566480008
3.55846875411
3.70839412406
3.34036024363
6.27900850341
7.73693034864
3.3259392846
0.364484389236
8.9678926004
3.30032004325
5.2341228152
5.39639732907
1.91187208528
6.32552277894
9.52224002657
5.71237864267
0.734868259999
1.53123435241
6.48601056839
5.69215939901
5.38082099367
6.63677792099
5.44600572414
9.24660808212
6.70764312425
9.26197006531
9.16628154324
8.31869420386
9.72986155048
1.12497652599
4.62510049444
4.85398366334
6.69497169996
4.59873381958
6.61287536833
2.31323430698
9.16188368686
7.84694575264
6.17929814606
7.5276539836
9.49301301199
0.0675075403563
6.44218513207
0.501748796796
7.79265961144
0.327537419749
2.15481513295
5.03755967619
3.75415660943
7.37449379901
3.72669558348
0.650257158739
2.18816224848
7.44057826213
7.22721187164
9.00481389196
4.4702010367
2.65026457145
8.77992138553
6.37672387796
2.04462020199
8.72694439151
2.25116484662
8.83648578468
3.72201653542
5.79591636609
5.27474956161
7.15545010258
1.13110603604
0.565562945787
4.29577284304
5.45154064104
6.25708057323
7.81902795531
1.93470240413
6.78767286005
6.36255205034
6.09381567411
5.03071582795
8.61463770045
6.57299150019
5.10398812883
3.17993078668
8.52852326116
6.1693257002
0.292939633933
8.37772673407
0.641374162924
8.62579323878
5.25930941754
1.86792603441
7.69741704699
5.43337341094
7.01557006054
4.77633583034
5.2325064442
8.36768874708
5.39873307547
8.16215471653
7.78198953754
9.17741632005
5.98968178917
9.80562539455
1.39919469248
3.07640422656
2.90813848795
6.29079103664
1.869211204
4.45318907449
8.93356203746
6.00246130475
2.96936348276
3.79734960716
3.22141936266
7.39932412859
1.83749570525
8.91397659636
5.89687752112
7.45795746086
8.38385829396
3.6224041856
9.28307139028
1.60734399455
1.69709184545
4.54752882538
2.80779625073
8.39328359661
7.35719784994
7.00497715332
2.704567667
4.68188283672
8.54632324534
0.960491623263
5.83037204435
0.774770125723
4.16054089737
5.81763661767
9.57976481783
1.5776997827
3.20721010129
6.38064566332
2.04843886501
2.42207947622
1.78860741846
6.94416869997
2.96593618069
7.69796022777
8.53096368058
2.5394529356
6.27213954676
7.83293484322
1.62743838298
0.322032728072
6.00060346284
4.18697847662
3.22524543667
0.184169062064
3.81698450022
0.109444341667
5.56078913485
1.02416959129
6.31479026616
3.75792889457
9.1204232926
8.5150497284
8.76593050136
8.26990049371
4.51876750672
9.68557242614
9.28277588883
6.61348208322
8.64722382049
1.77262941963
9.65781536571
7.08431626552
8.68614555813
5.0277154934
4.75470946083
8.52877022521
6.49904165731
0.566202490814
0.162394745281
1.87587363376
7.4719397288
4.319170159
6.0612458882
7.55796196478
0.0483444850866
0.780852168568
4.90225586806
2.16714913081
3.34027227965
6.41383160876
9.21414096747
4.37270599504
7.90297324167
1.54648777579
4.22658353592
8.19861327481
3.00843919422
5.5498740301
8.95586444843
4.13169063784
1.13793322593
3.58401949007
8.62651822154
8.41516508531
5.33334186669
8.9846654093
6.21049236367
6.73445252439
2.6706636417
9.24603414963
5.56339117041
5.57644880877
5.29670920244
1.17514404978
0.133768628186
3.87267633814
6.32113118708
0.448684713845
4.01309810908
2.20075831651
8.18136747986
9.22039284212
4.73767866244
7.15524127135
6.18069803139
4.45258700756
6.06953178608
7.2247962917
0.964599521408
6.74210921567
2.37160541444
8.20760561021
5.83551870171
2.26098631381
0.485776980494
1.0446257535
3.91504660297
8.03371566458
8.69523646309
8.63683732334
9.37680576894
8.4605741784
8.86020600434
8.88372674946
4.35749337969
3.03752978135
7.01726308715
1.64963964627
2.74735369413
5.79322153898
3.65935789449
9.92108276002
4.35830206986
3.22356107347
0.708094469815
7.11129488049
8.11316270678
1.33920398723
6.90009662224
3.9604149341
9.80948955671
0.887486400305
4.52638798551
5.27140057615
6.39082316942
0.572468115768
9.06078203481
6.09426541352
4.1834928348
7.3350996717
3.98986825529
9.8896132347
0.709386476277
4.52299114201
1.08876462893
9.95339379737
4.46848558603
2.57884656682
7.41050924338
0.167170064566
9.36590459202
0.53448817112
5.61361488539
6.83317020345
6.51985020473
4.56244612399
8.08897433599
7.0167081482
9.04703430508
2.03018001336
4.13894969982
2.5321779164
2.35037254052
9.91087650516
6.75618640918
1.37762337291
8.57960440412
1.10568361916
2.49591246155
1.94301417908
0.2687632665
4.5941295471
0.680698624432
7.847064248
0.142836830922
7.51186908467
9.28437365869
0.621688608332
5.52257332503
8.62050841235
9.02861873027
2.10178005785
6.21664023284
1.01510810257
3.28929753876
6.62333375769
7.95447927102
8.84703954937
7.16791949258
7.9669977461
6.5816353604
8.52691574869
3.3041831826
8.81468826446
2.92285440149
7.24816687705
1.74060175095
3.844195894
8.37757922001
5.98085830014
2.68334373666
5.27578506847
5.33571154267
7.54505335774
4.47916247905
9.19749552926
5.33498718814
1.01918618978
9.8088475273
1.41050998479
6.50249874651
5.48394655806
5.57868228362
8.92336228071
6.4863375527
8.22485181181
5.32888371705
6.26357068163
8.17177444411
8.58799065698
8.41545281946
1.24390370346
9.57375481135
5.72665559549
7.8692348243
1.00836971056
0.607809493015
8.32236723116
6.9736032623
8.76784127529
3.82982749527
9.23430632292
3.01344280787
1.11694031039
1.3150334163
1.18925876295
0.367191340269
9.06005010977
7.45002966108
2.44982017001
5.04412693852
5.1746934772
5.31232982296
7.26130627427
9.60422252854
1.53013762989
5.04380739909
4.15278490491
5.76841455397
6.30203258854
7.15873090698
5.61203175585
3.28837990826
1.49494768
1.02880649168
0.503919155503
3.00741829592
7.45266829072
2.66874157982
5.91015559995
2.84060733565
0.373542183412
4.41522685347
4.71364004294
9.55487050217
4.83519020224
8.14446710591
3.8927645876
3.15176766316
0.601285511183
6.30212508757
0.921599570282
3.72722476585
7.72326959942
8.77542063299
9.63992560634
7.40595365026
1.71362470747
1.79506686907
8.84163286147
3.84475661743
4.94618474959
2.43155115849
3.89704094574
5.18120664714
3.73246071173
3.78927251894
1.55631212689
4.48506538721
1.3327610312
1.76849605774
0.160529417186
4.80286998499
1.52553277246
2.00848074671
8.23265839084
6.92987801352
7.47829212584
7.74879919513
6.15337015627
5.86733218854
7.53478015994
2.03036852907
5.36432311758
1.34984090657
4.47853186637
9.86554000471
1.86871964406
8.88019551492
8.43588822384
8.42191028116
7.18706705932
0.695120602778
6.02791379836
6.41313435637
3.475037234
4.9005586025
7.53761407675
6.22401241823
1.2726470396
2.55794167453
9.03142972509
5.43913787255
0.381778882747
0.490055633687
6.17375514906
9.14520374231
1.43191948358
8.31272755714
3.74677362121
1.36806561365
2.94593435743
3.07494445874
1.55399591149
5.29514307765
4.61481437312
5.59937289868
8.92393964748
3.5701910079
2.06700659415
9.13118466327
2.3537440187
8.80417630473
6.03077749089
1.52399426219
6.14221392932
8.88044025146
1.52410171707
1.67108973974
2.87571629184
6.79040611493
5.40439546015
5.88487587416
9.10576006437
3.3061120549
3.88876482497
9.22723865608
1.20808523926
7.98966978113
6.97608139899
5.95234083275
2.98064775681
1.15538848651
6.45305969297
6.35509861018
6.57502730469
2.95558785467
6.52639266636
1.60664661336
3.64588899616
8.74110145082
7.74461934594
3.49395667949
4.45721072032
3.13153033154
5.74268299994
5.68288244771
4.28444605992
5.71221249371
5.43858550551
2.9251501536
2.37869991457
4.97655063955
8.99623079173
3.88415507505
6.82628963533
9.90820100232
9.13904191108
1.53632450553
7.47453027943
8.58490429607
5.66011516335
8.49575128641
5.02070302331
5.63755018378
6.05640861581
4.63223325012
2.64279738152
7.63685038849
5.47978589318
9.61623108405
3.96875042172
8.48831921349
6.07003693495
1.77181089711
8.27151123095
3.43563421032
7.2347121859
1.7068142877
9.37694024973
6.2944502966
8.22223132185
1.53347446617
6.30440334654
1.0392095741
8.15260575527
1.59008758585
1.01967490851
2.78545105248
1.85701287612
4.94362258634
4.42495758125
4.24391005077
4.72981862837
4.83353347917
4.304303123
3.25418936034
2.47213263239
4.0249772632
9.2473775655
4.31040149442
2.40986971224
1.90980571516
1.64561983309
3.11871889825
9.52068492636
8.8220775359
3.51552111598
6.28409284138
2.63279156943
5.38431603485
7.02183061944
1.14066703501
1.89137788656
7.8675321303
7.76865743624
9.61367149918
4.9005286154
6.93807831953
2.70008145311
6.6266964231
4.61990642523
9.48449979396
6.09027607858
0.925132195053
2.58067998586
9.97194146351
5.96571789779
4.37567798815
1.53408863043
0.494540850761
6.54758039289
8.53173852178
2.89311208569
5.07242152458
5.80609919674
2.30462938093
5.42941748982
7.92433519058
2.8456139929
1.11678679989
8.67899094198
4.79450734877
2.81109074919
0.52797345308
7.5735802104
2.87934717318
9.82797682472
9.68030975809
8.0740135759
2.27790607984
1.58235899159
5.87751682864
5.83315522657
5.75907875662
0.928379450519
3.77811869586
2.56370682448
3.47229464941
4.3773158468
2.68266265424
9.98747675884
7.28184924692
9.47541611778
0.981991499096
3.79006320964
3.92456034218
2.97959366922
8.25683870197
6.23289219214
3.84248213598
6.02323671354
6.44849002864
8.63987435995
9.43786214184
1.37924528209
6.8876321535
8.85197927806
4.83992869371
6.28514711401
6.17475927928
6.41566028542
2.7732706477
5.48517747363
3.19045856943
8.35501648061
0.521654672036
2.336129551
8.81896976676
5.68967644099
7.2855384867
5.06686354674
3.31897120804
0.217482900336
6.08913169123
3.2035788305
6.20519870985
8.20737506997
3.07924445838
4.06279457387
3.35785085032
2.61314854579
6.60801412292
2.24715033768
0.389318366085
9.39365583733
3.13109518854
1.3172774904
7.0956233078
5.39065839696
6.19466020957
9.94501396814
8.83208803052
4.03640004062
1.26159158964
3.03461079515
8.90705032347
6.59694294179
2.44526378707
0.986918990596
3.97208174831
7.07362109661
6.16535495579
4.88862738076
2.93389977816
5.92514087094
7.38453031438
9.09317522109
6.51225074047
1.84340613064
3.1672246195
7.84914638724
3.16298668689
5.7198683476
7.23990497514
4.74909687579
8.00462641129
1.03211298277
5.9254838557
9.95947299018
1.92100906123
1.90658301707
1.1113917137
8.56485414417
7.51502560684
5.96328459315
2.690596972
0.575970748781
2.65677045105
9.35005835483
2.15115104343
2.18263500298
5.72915473211
7.06316448963
8.98489896744
2.19456794953
3.87185691221
7.4290647142
1.97558202764
1.88998962534
9.42521589196
9.53079145254
0.241883505945
1.85518019232
1.11863102052
7.29062450724
6.67625857482
9.22247933075
9.06089102779
2.92676188579
0.278269413656
0.152642972912
8.85606865413
3.68881438484
8.85753107938
5.01984089858
6.02289605597
3.19709581547
0.738726413369
1.54073224815
1.41664734633
8.88430125334
7.01270038765
0.477678821507
1.58403704678
5.87197248438
5.95617247878
4.51873131024
6.22276670481
1.75773909706
3.87010201578
5.93783818697
0.140425143121
4.29918482397
5.73735613561
7.54663606892
4.4621609759
9.52534708321
2.22965107665
8.05788470961
1.41818172359
3.0911333431
6.92828676649
6.91643734117
5.54720584736
8.20335880896
8.20394953129
3.45539696135
8.62997041349
2.56153682692
4.56102245333
3.60483605839
3.73046972467
2.98307868139
2.36957058233
7.31829279342
0.126021691658
7.90990746111
0.413880317689
4.86871746398
4.14869473737
3.41590254819
2.72767783249
6.16419392611
1.07976283063
7.51304585663
6.42714093799
2.12176905506
6.39415254842
5.98832377565
9.17786283321
3.50022163097
9.22779096186
0.502850936537
8.70217526576
2.91125295604
7.12578344166
9.24341569221
0.0993249007355
6.99535882136
0.850710106797
6.58712444867
1.5513965322
7.30451603781
6.3800024313
0.046413395506
4.55892608008
8.37200611865
0.743648339715
3.68334467045
0.288729847549
2.56435833935
0.699660115769
0.679566528577
5.16873593222
1.36404023339
1.01289293669
9.97943819282
4.85943685779
3.21097158714
2.42602020308
0.627424736374
0.222579260075
2.0225395551
2.68163365825
9.99463723757
8.88183958204
9.63576242473
1.03845957091
9.20675360755
6.23802828509
7.8016716469
1.38641130006
0.0943777001081
7.53438128455
0.111995706095
1.03922832289
4.87549980974
5.00071416672
3.91664079784
8.53753066658
5.79417890581
1.42541569768
4.1261849147
2.28738988206
5.99892637326
6.3708853613
2.32772298102
1.96339246626
1.64256635143
8.30621432882
0.381692979623
4.11850071213
2.51595373665
4.69238952998
2.39506351937
2.42471864961
3.71665057527
4.0667821172
2.30954733179
0.227944231927
5.92765605888
1.91101191911
3.56346490627
3.98913816445
4.89172766517
8.90001193171
7.31077963435
8.92831330536
9.15925816371
7.8846719155
4.9389943416
0.192312252211
2.11480635397
8.01049804172
1.15360702038
3.39925736894
3.23053307742
3.16038671731
6.73042754167
2.13053550991
9.10070664511
1.21220708473
7.59672479828
2.98575482877
4.55821438197
9.66097420071
9.62953245224
9.88263901944
9.95597649187
6.48706169553
9.22954068558
2.33790148262
8.10190149359
7.5838439051
3.36583000633
9.57687403598
0.86074691719
8.27939427495
7.64172003889
4.88827894786
2.00089756211
4.11241031569
7.27729675827
4.94211417197
5.19194503095
9.26629154119
7.95902648588
8.93587133388
0.370453927553
0.651548381594
5.00443436909
8.20258483281
0.321299190633
0.553716049689
9.32951471106
4.9374121871
8.41874174297
2.67933527093
0.153867278835
5.24118743775
3.02880049313
8.80667256038
0.803817202169
3.68900985338
4.50132432981
6.92071672977
6.72292953089
5.72398727725
1.12926540413
0.277149277022
9.03893417735
3.5849052351
7.79629202363
7.18652024682
3.44667867111
9.58017785728
0.237919495941
3.83558696087
8.52018116792
0.670539173187
5.08625114427
1.98111568948
5.22026033245
0.430234828765
4.5875429651
2.49742204979
6.98941683648
1.54451848083
4.73968302353
9.51086441177
9.68963505389
2.96095382993
4.18663364112
3.46459798927
3.97279187791
8.02878896558
4.43848923586
6.167152668
8.48650423641
5.02200389336
0.262571321822
1.0277959212
7.63753839089
9.04075577409
1.94866251745
6.53396565035
9.26947836015
5.52878137012
5.3451141225
4.06241765591
5.64386858534
7.40876651364
3.97110804743
5.5109834625
5.82255009166
8.33151899332
2.68871306885
1.13991773527
6.37994840331
4.9425776552
4.30186665389
8.18468081154
0.142438665475
4.40480922936
4.55144845355
5.34416642472
7.53763022147
6.31828521783
8.43093597608
8.54155846039
5.97611652903
0.862832890056
2.33380926879
7.34684173062
6.89757982447
4.0346372205
7.54299028737
8.31214856925
7.10818591423
6.66216695356
9.10246941902
3.89595061763
4.38708952753
5.33664965604
2.313118815
6.03867027713
9.05441483204
6.55698301975
5.62956803058
9.59053376891
4.17624930163
6.01158822822
7.53425223573
0.219097209527
8.75149176092
1.70359852039
7.12248759347
4.24532487356
9.91209204045
2.99920255307
2.13778411787
7.95986132888
1.84796212921
0.55873329884
3.5828588989
