9.40503094823
0.211307769447
4.52508730386
9.94116693165
6.30746078069
9.86629432815
1.61024371193
2.76720032248
6.45058835094
5.84228513153
2.22863232038
1.37202483562
4.44906494046
9.57931537655
8.72843615883
9.16277071682
9.61367720762
9.61001247002
6.53722156792
8.84690349255
6.06454968797
1.08687936105
3.63228032203
7.31005102351
1.11029734747
9.5244840883
1.12138305346
8.75331311173
4.12019070777
6.14598035015
1.96124373186
9.16254807583
8.20474333436
0.10405022575
5.77514830525
0.734656970093
8.51415937201
5.17943088475
0.855324202058
6.09440186066
2.96565754261
4.23029916712
9.0060994194
0.829004184802
8.89072582469
9.3869364308
5.77339598763
7.90339164016
2.92443057958
8.45159011658
1.86688978831
0.599192157648
4.91878403935
0.190427431485
6.90473194529
5.37911421804
3.5735488999
5.35167381389
6.85697331425
1.39383430514
9.86006913046
7.98784720088
2.11461356877
6.87931450751
5.60987397788
2.45680655862
6.21621682669
4.50248302408
8.07188257121
0.492939680686
6.39420810095
3.56708889495
0.647840172704
9.70444912822
4.18073081743
5.31342661435
5.35237410613
6.79343875538
3.75895285427
8.06750704456
0.849363573486
0.80424217
3.1123749855
5.05278874523
6.47564952687
9.94333663084
8.21038224819
5.73153528466
3.18545059671
9.02835869199
9.39075827816
7.38068981767
0.465621066122
8.21097149815
8.77123065989
3.6691131751
3.59741106879
8.70535231571
5.82561418525
7.88873722239
7.29953536475
9.12697135538
3.822765791
1.87056402141
4.72299748817
9.55238835911
4.35439895962
9.99566713867
2.357217287
0.243000644846
2.65142190966
7.72597460803
1.56193749371
8.12614890953
9.85995187558
1.42299036592
1.84317313448
7.54044773994
3.11274622541
2.53714215694
0.421103811395
8.52694113515
5.15811826259
2.89474096074
0.899681587626
8.58986755156
1.43253634088
6.59183573368
1.38305377746
0.672712699774
0.108093601386
3.19231050255
4.60545240522
7.23393636936
2.1564061367
1.70595020266
2.96044137024
6.2315161548
3.8937292327
1.68883894722
3.12247531329
4.93083720874
6.92248089746
3.14050831109
4.50243817044
7.1102714697
3.88266190511
8.68837300496
3.50889232908
8.53937732913
9.82930373234
1.78582807513
9.72781754072
7.7429612882
3.39610037537
9.81686351257
3.41520135435
0.528662109587
8.77429491866
7.37086897215
1.00805640657
0.085327851661
3.82793816703
3.13783811921
1.02387105962
9.42217523908
6.85815780981
2.61485838622
2.35490552109
0.851270848231
5.51026881342
0.805847942333
9.83173502322
0.0584828846747
5.27807326805
6.6889556281
7.44382713607
4.7455162388
3.79485852126
5.14158633627
7.10765085735
9.63261907153
9.09835895615
6.11089710679
8.87460130242
9.38913697963
0.621850901281
3.71182444059
0.0627371870004
3.86670117268
9.71388974627
0.800964729369
3.62947853328
9.66566500907
8.00842584262
1.25198598094
0.224809361972
6.14338738235
1.17707190294
6.37886596823
2.16111634593
1.35728928565
7.44708872095
9.56021423499
7.10341564814
6.29113484909
8.74596929028
7.3657969136
3.1917495675
7.92550803732
2.69555704764
9.60120469341
8.26422753239
1.17457985827
4.76444184577
8.3073137865
2.14731631318
4.60977303209
5.59832642276
7.87274323148
5.61108162937
1.18135837517
7.49961431812
4.77272918431
6.32412169698
8.35699990317
9.49055399631
4.06617304174
8.214719431
3.13445622906
7.19165989418
4.19236249272
7.61671498659
9.86150377902
8.02595808275
6.68543226234
6.40833311028
3.77559736414
5.34768899065
4.4809339417
7.9829334814
3.25724284486
2.95796645539
3.54461622491
9.58325400076
6.53804989323
5.72657772077
8.95112104224
1.82591539004
9.16024259175
5.81229510711
6.93543272385
3.99699388199
7.14181898713
6.37607165594
1.94420094446
0.334248277768
0.951099379585
5.19231197704
5.67541092217
9.63233238171
7.3031638961
8.59071266974
4.92259813708
1.90841766348
8.70281184196
0.771882670115
5.23924368456
9.42559322514
1.78216832585
1.09709290017
9.53053228407
1.24854858867
7.62702683172
3.58349644391
1.2068188984
9.33080307572
0.6115371329
7.07046280869
3.60109890815
1.94307348517
5.87789081854
3.72150097727
6.42048585784
6.46690783422
6.10679967621
5.20896231148
4.72428002798
4.06247208858
5.08009964108
0.161252782534
3.13651823463
6.39843297703
4.72086092644
4.61552767166
1.61532198911
2.39406150863
0.163502606011
4.81992523155
0.823642005585
2.27827720801
1.48021920736
1.24978166383
6.97888278339
6.43588386088
6.99311424636
6.0613272079
7.95944560645
6.26456667617
6.13861738339
7.30679499739
9.0881000383
7.16826893424
9.07155282178
0.0482712785384
6.67812329695
0.357250157348
1.03148217219
3.62422865945
8.14991025233
2.30194763967
7.1963130446
1.44058952176
3.81801797497
5.2730430956
6.14246771359
7.51884363881
1.01029239962
5.96855930571
2.39678175612
9.03803725293
4.77072097766
8.29027443669
2.59607107871
6.14482205983
4.17070207292
7.79548632715
1.47744872637
2.47075581443
3.7050329516
1.88190246082
9.7065275129
8.7776536799
1.7581148584
8.72753421168
0.196659553297
8.9695248925
6.43450764526
8.44488033807
1.23503451813
5.71831743214
5.73295469308
5.81367175653
5.45422566343
9.04777366196
7.521319121
5.81316047851
6.20799656176
9.99067218104
7.72296745424
5.3821532923
8.14177697018
0.899024579727
7.45145439324
0.526749801314
9.38006244322
3.44386901341
5.73068469749
5.05814216284
7.17956062357
4.70662063889
7.507766375
2.54775432783
2.12926472217
6.12707088987
4.32829173974
2.84911743983
7.82253271474
9.76318591662
9.23450407483
3.10043144451
8.29435973754
4.74680430389
5.36262913139
2.45566292998
1.19664796343
2.38787726656
4.26415363408
2.4163940377
5.60983778025
7.24783195034
7.21052860759
1.13286551468
5.65824306184
4.2090554366
8.87136976835
6.74850922272
3.61232423315
1.85807921503
8.86374041541
2.85998649118
1.31821343118
9.96802514662
6.2738827795
1.78655840638
9.37593303368
9.15232991851
9.06064065793
5.23394668496
5.14574760557
7.3174572822
6.15456898805
4.12715580338
3.68474933505
0.63475642687
7.65280541942
4.23042879194
9.84551709297
0.535438190649
1.60463166186
5.0321576308
6.74873766445
4.29250667961
8.74737599146
3.31535737944
7.90308019201
9.88062624201
1.0881594846
7.76387151715
8.23650234731
4.66629003713
5.07966010286
0.798620817626
0.397356213928
1.49688197089
4.23888051832
9.44674508865
8.39727759505
7.889211636
8.71758616465
6.70613235067
6.00171742027
9.05707972983
2.2110525395
4.80414495816
3.6192299906
5.40021847807
1.80892106355
8.93452162536
7.91751738605
6.80501645328
8.7521395543
8.39196824447
7.93434492591
4.08188928628
3.70505399145
6.56896534114
3.51470319091
3.97820661982
3.41233132635
5.71164433655
1.65946923329
7.48599666539
1.95136419106
8.46120245424
5.89590005287
4.22075715692
9.04444512539
1.35387630254
0.203554358687
2.72660300983
1.28205470293
0.959844974801
6.49646070812
9.62394045781
9.57670961544
4.05686439355
5.0757348335
9.18488583981
7.59794896227
9.41313980671
2.96872099786
3.83553330695
9.83268888807
2.50063596553
2.79295747057
4.17486386908
3.24519309409
8.71766480768
9.06423038383
5.31259381702
1.25840477395
6.67601403891
8.6770201242
8.19226533259
5.23846997415
3.31647754673
7.81436260163
4.53988111387
3.68642590548
2.3404850228
6.64951238949
9.79930765301
9.57202129111
6.27771033915
4.24701245343
1.50464255185
7.6452233121
1.26693637941
5.20364443081
2.79425085864
3.38151325049
3.60694456029
2.49970969487
0.501618769026
8.44821175855
0.8423808893
9.12171961149
3.17058457308
2.88031067337
4.36662608329
5.24927204265
0.623645689817
1.91852461588
0.0198954966531
1.26630593824
5.33208532579
9.0379629649
0.259292514315
3.98190000069
7.0375559029
3.25921550707
2.28597418737
5.46386746519
8.19176123309
1.14408238131
8.7463955384
0.505765218259
9.90540406078
1.90523026606
5.6081943559
2.27479393493
0.348183619816
8.65341478443
8.81710962665
1.49595415058
2.64645783425
4.89538112925
5.81054002825
2.78467601319
2.89932990234
4.12106508151
4.30418631934
8.103739375
8.69239484141
4.10733860184
8.74695217857
2.72623911361
0.282789388339
0.0542295750108
3.37272093492
1.91898339009
4.07205039772
5.73799570373
9.46523693088
2.47684486214
6.11932488521
7.58978729128
5.02750253242
4.87441437485
5.17178632414
4.48534320851
7.03466894291
9.38589025468
2.39779983072
5.0999905176
8.93782115194
6.72162429255
7.64982083679
5.25530333362
1.74509291979
1.19683935454
1.23486795144
3.87885068686
0.655658463116
1.2123099019
3.68857826741
6.86684582244
1.86052545881
0.80666611071
1.38516510588
9.59331277559
4.18764799958
7.92686454286
5.52658692466
9.84841877199
9.03191905558
2.08914805139
8.18108322157
1.8527407961
1.33094673595
8.80510520193
2.21578163946
2.65650247485
0.471943844091
8.87615852024
7.81809382526
7.94924689968
8.45599151362
4.66242012589
5.88937429874
0.0514799974815
2.10270916352
4.65062708133
0.592285547742
0.640228002154
7.20213807278
5.01679472306
1.23785989054
6.77586829983
1.9251890897
4.60816825007
0.395590858936
2.3324686496
9.50251134193
0.155599171015
8.18682023331
3.31322428744
5.08946381059
4.21241122559
3.32953919992
4.34582902851
8.86726108951
4.88692056734
6.72362760017
3.93673712059
4.29567160556
5.86605380651
9.86287166213
0.749152840769
3.3040329767
9.48800395006
0.362862208707
8.72120332242
8.0964907923
3.3008189767
0.602125830507
0.23742712196
6.27158496543
2.49691240203
5.6935104973
9.61565078186
4.54705909127
3.25001842161
2.66939926653
2.50554142526
8.29960932041
1.69955066942
1.08354254758
6.56382880717
5.87865763041
9.62281977554
7.21253358684
5.02881111859
2.47999429033
3.9383787219
2.7676566787
7.32868248498
2.0069722281
9.22418583385
4.35987937083
4.42487429286
8.04841388343
2.70780161662
8.20586825419
6.40367956123
4.57541801019
1.75957273528
2.50724855779
3.39191449794
6.70206938815
5.06313457031
0.244038456004
1.96499394064
6.6051193408
6.17064969261
9.43370814103
3.59597651871
5.05175357212
6.07609890687
8.47042809875
1.82586988856
8.55231706275
0.850368732586
8.23435741429
1.85449875359
8.10531275783
3.59923012454
0.416534891504
6.13185941868
0.754547608678
4.70541209518
1.52072959935
3.90474311552
5.92268065358
1.50344542604
6.70800336724
8.34623183544
3.75358228726
2.83756083095
5.88879322875
2.04322345001
9.75006730011
1.20887342285
1.21867423301
8.52760691678
0.911543488186
1.90017025528
4.38327027172
1.30256231009
4.27319833384
8.66785683097
4.0968356801
9.07348009305
3.9764015142
0.583787500322
2.78567264552
1.32444979371
5.1214601229
0.70724464315
0.780811421918
4.35454730136
5.48296852891
7.66143124789
8.30436997988
3.32389421588
0.154229744092
2.48088060086
0.404200053167
4.99567516663
7.10119672188
2.51068429865
9.51517357663
8.78412575006
4.17215812134
4.78868870755
4.42406873012
6.10404899227
5.67474950071
5.93248901431
4.62138605081
6.56855350014
1.27611436495
9.44246188456
8.54498182092
9.78744364035
9.76263407814
1.73003557359
7.35044797972
4.66566517755
1.44432892669
6.34451851369
1.70885520517
9.23548488912
9.04595516703
7.06967494108
3.13154781965
5.45136495059
3.81754349785
4.67923527423
7.96001934182
1.001175044
9.05318186119
9.35878178091
6.04195972326
4.5134440482
2.64822804015
8.91812562707
1.43435933125
1.67973046116
7.34341695197
2.10477562925
0.419642630557
3.92996935745
1.56542039979
9.8658011203
7.0223044659
5.77112155634
0.311955856942
7.81300135008
4.84254396958
3.64430867064
0.362912584589
7.25593904711
2.61245815097
9.99918587813
9.17623249941
7.62444584364
0.497061141604
8.52452622561
4.40314632419
4.59503852731
7.1546168011
6.40477286711
4.36575250292
1.85804722437
8.71463343329
6.82558902394
1.48119475099
7.94269191014
8.45042322143
5.19608401985
2.27867801097
0.521442027569
3.42714776962
9.85576864538
6.48697451972
0.465012512535
5.20620574534
9.98482224437
0.735972551386
6.0474096976
6.92327549001
8.5931894783
8.97976101598
5.42703533473
5.98126538368
1.99264572059
4.42713267454
1.50542097216
8.75302811457
9.7835982925
5.85695573201
7.37530587076
5.7141745481
9.84691341814
0.992928491746
1.08893573958
9.70946854711
5.09808929906
4.97096601525
1.64612738973
7.15371668234
9.31489655728
1.1424106833
7.69020447349
0.116744893123
4.23340133077
5.19816076277
4.21197444767
5.95912247506
7.83973824596
2.85249031605
9.09033522607
4.02958529569
9.99297356087
8.27560481559
3.44371950865
4.74387440826
2.76820235952
4.5534532533
6.75122141174
6.3077514008
0.884270493348
1.22338423861
8.28156679916
9.82215721487
2.38710571151
5.06830910839
8.4026380207
2.7641167739
0.718389455874
3.12203415429
5.49063667902
0.689127243256
3.39746579853
8.6023034305
7.24628404099
9.45137839623
0.69873104986
4.76181729372
7.06304017267
9.70569248406
5.12387720121
1.88063554929
7.76899871236
0.414728794782
2.76500513853
6.24720613128
9.7577632945
5.69110064347
3.35214528098
8.51030161838
4.8586503567
3.37706579668
8.69976105195
1.08400744166
6.36785631499
2.13120607529
4.37540796455
