2.46929041558
3.58918962086
12.9846204421
17.0287439416
12.1753670436
0.118896653365
13.7727393542
11.3681910502
16.5319051788
28.5767870691
23.3745746845
23.5911970162
14.3020887959
18.0606440492
11.778305314
12.392759496
11.3429971874
8.91016954027
10.7997227185
0.0971179333256
6.07346794545
18.8612979037
3.18861473134
1.07182946176
6.46833277647
6.57611105858
4.39637430031
16.5020870349
29.3634799325
0.092307837038
18.6470319558
18.2948335602
23.0797312562
22.5714028811
22.2609723533
2.35786162843
13.6352317353
18.6521609033
28.1248031066
3.04867654458
21.5737247837
17.832141881
4.1188031827
8.91293065824
20.432228846
15.7975121649
14.5607080261
22.9255616643
15.2094448999
3.01001829649
9.91510945233
20.8188274137
11.3511017874
24.0376248937
29.4654400266
16.047353864
16.7429066496
19.9787339766
12.4647669828
8.22288116331
8.9577120115
26.8037564587
24.4790370432
26.5096880572
12.4114847074
10.4766883627
22.4472083342
25.3916992724
10.1142424027
29.2980102911
0.801416594813
2.22787859826
26.2455502221
24.5614337252
13.7532620302
9.33786405187
16.7054567662
6.91082652954
22.7636449014
2.77740839658
28.8300109541
25.5396690015
27.9422702258
26.3259587472
2.08896108429
24.3097787561
16.0899446518
12.2335230079
8.37072411602
19.4249407841
23.8815110703
3.85425904663
27.9095518814
24.4066143875
10.7515348311
6.80799709394
3.68631788619
23.5458439488
20.7854246682
29.1938731815
14.1248115418
13.2472805422
29.5989582031
29.7093138543
16.2048259551
12.6454039228
22.6503324346
28.337343663
8.07904944262
0.0327357157129
19.664933717
8.75409664814
10.4206223016
29.1168696525
8.58026988805
22.1674096652
4.87264902332
6.02388853439
23.4064935151
23.7188439473
14.4792286679
0.814111567466
22.2879018694
8.59803610992
2.75719473423
20.9764235677
0.932253316904
3.40847047759
8.06864013119
14.6857573458
6.64179282361
18.8225828598
5.87393765382
23.2298378739
25.4835707299
22.5264296513
6.22001465697
27.1741781234
11.1585406564
9.99071352247
22.4509853096
0.176609830064
1.75146712417
9.19684423087
4.429233422
18.32279382
14.5198990297
2.99428420082
8.60150408385
11.4776637244
2.94847393335
9.97645202716
22.2826455301
15.8722300191
27.5711088976
18.6499485106
27.1860778017
10.9851750818
1.55093636074
14.3258530183
25.09044244
11.8730746678
11.398478306
26.1169101865
14.5782783303
26.4236514355
10.3001179484
9.17745105501
9.86769324211
18.2433626074
1.16102818147
18.6514233868
21.2509526326
27.4766204165
15.9884756622
15.8201027376
23.2777047149
24.9530129353
10.7909956295
19.6278687929
11.8034418598
26.4266005369
19.4549263248
22.5082246896
28.8632177647
17.6591078849
11.1168474694
20.8334927028
12.8279584289
8.14917377213
24.6101523456
9.95267990917
1.06826584448
21.1944848292
16.4362288392
29.3471905828
17.5967991209
1.98409785783
11.8874511869
1.57334546065
6.97616411201
28.2116135207
15.4132588808
20.1633478223
19.4113820374
10.6059657718
19.7519807456
15.2466984356
21.563273251
1.59159014685
20.2573735147
7.87357293917
22.5315496495
16.1710320447
17.2400801141
15.329287684
12.9598445392
12.4992681039
28.5978971894
7.52506603431
0.204816745319
10.178196922
10.3373608788
7.74367030544
12.0570921583
4.73056557293
16.318395143
12.4537172058
26.231565065
12.9698332403
14.9805821881
17.4885925854
27.5545739735
4.90360575369
6.65251748644
17.5254433135
26.7519798652
9.40083654002
18.9013630339
9.66854091318
10.8956898209
28.613120394
9.4356288836
22.6465982746
29.2433252069
23.7382964269
8.07795378392
25.7669622565
10.2964547803
26.4168099875
22.0654239862
8.63464251206
7.68199589101
20.2228429759
19.9790594668
0.80399878765
24.5592107456
1.9395124779
27.1494958045
23.8869033293
19.0296531962
8.5741330729
10.9859440649
24.8277932813
26.1316564244
23.1374974456
5.37168807132
5.65298763621
24.2032500505
13.3421711433
5.60086396979
8.89540613576
0.178900361497
15.8553485562
5.42896224434
27.1572689297
2.77782866984
13.8739676263
20.6972095981
10.3774624945
27.4319066548
23.5668306243
11.7339885172
4.20079225739
22.1454269957
1.67542776795
16.5889425882
16.0639459535
15.5504218372
10.3499370883
26.3775010716
12.9254939491
0.942014269672
20.9243907771
13.7818342116
4.83955185935
17.9261685003
16.3855254112
17.7996566433
4.19437429379
