1.93906805807
2.76413724204
2.74560320349
2.8313219979
2.7670187926
2.88233348245
0.146077611349
2.74805457211
0.813638423676
0.961997206398
1.37584272284
2.86584118502
1.81526670797
1.05807964996
1.12247294266
2.71478546647
2.46704270471
0.412613160708
0.746045598472
1.11583560321
0.650225970871
1.69044525814
0.670916279838
1.72477348934
2.80807386422
2.5460279266
0.297790389248
0.620714395111
1.23824772679
1.93838272998
1.1596990885
0.754837105021
1.03397711139
0.612040759589
2.58560015857
2.09175513703
1.23308730722
2.10129428463
1.55918795244
1.57878663348
1.10206682539
1.46465507572
2.95654872509
2.35339460194
2.48310087796
0.373115554273
1.51282194925
1.10070282121
0.266720912183
1.18583107871
0.222563024197
0.702059143396
2.39628813375
2.05865242873
2.09563991504
0.238073630792
0.491946832762
0.0647524322126
0.29254358073
0.303656407284
