9.83115156104
3.41919104874
15.3946029348
12.2734582644
26.1121564971
2.58676943774
13.7479079484
8.49387015535
3.94522572453
8.98233577432
26.731105866
2.62167353291
7.65641354708
1.23582511622
20.6395864884
20.027673481
25.8102126361
1.65643650753
28.5074474587
4.40362379952
11.4834178001
21.0486476126
28.8537720543
16.4329808139
12.3584835277
3.92038042459
20.3287519456
12.8824000236
22.2853803673
26.3082751341
6.99642747904
27.2217051454
21.1532858426
17.0008939306
1.80964241839
17.7718821225
10.0476509068
26.2375656126
10.8472198832
6.93555546304
14.2572640588
24.2488340242
19.3515227476
0.972582207529
4.5464273736
0.342743786528
18.8380019415
7.36375892838
6.38168335157
13.6708507984
21.3450330593
6.92155906022
5.3081240041
19.6101975735
6.69960943307
21.8157174572
28.990596362
17.7944373071
18.2623913067
20.6504152883
21.5884543767
16.5043975665
0.906183135663
1.67710912324
1.38413148316
7.79281951838
27.0919240346
5.12359013558
26.0452389982
14.5063862442
4.37225568199
2.34361881986
25.3836185297
16.5170513443
21.5559547101
7.83510679533
22.4372592463
13.6969089632
13.4554651923
28.6428582033
6.73986845252
11.0712659971
7.95576904727
22.8141765508
4.06142874038
6.71462772561
3.32586825506
17.7391132353
8.40849112584
14.9549402937
0.165405177173
16.2635309188
3.41947693309
5.52110587049
5.94572429645
17.5010897953
29.7500940549
28.585229308
21.16395441
26.1171441807
7.37134833743
17.1020375064
16.8764316679
27.9231545849
16.01519288
11.7144465572
1.03341939728
14.4701548132
16.6753226302
16.8625935179
18.721455875
15.438386154
24.6023909875
18.5236118822
10.6728755407
0.745573106124
19.8537067947
1.18600346187
11.4525150474
9.06468614647
23.8100439886
27.5966588501
21.4035438799
25.773089496
22.8805416989
9.04714128924
0.962642674748
3.705351444
9.77502718142
26.2415930387
24.4007784842
0.274459693691
13.9298435505
8.53408932691
4.3931199185
8.79233731822
8.98385505238
2.37546479389
27.425044503
22.276288285
19.9077811923
10.0066802239
7.41137149488
4.17626560742
5.91570355266
7.91070320091
12.9115154146
6.73194862783
5.93227413272
28.1612546766
2.16525501853
2.60404378237
26.9660860592
18.5975500195
27.4358077936
2.00748343104
13.8738577263
22.1176228222
12.7611965156
1.81386692867
17.9205303432
3.75581492296
13.3252496574
9.66012639169
22.6318963093
17.7509023819
4.53098480351
6.38263518062
21.4658675811
23.2676205434
12.0790997188
29.8924914311
10.7984301977
12.8954809268
4.52128103795
26.3304676636
21.2734396934
17.9083478431
12.9664408337
17.0187075848
13.4515889202
29.8091965764
2.87058005681
1.20083720294
25.4041981541
20.223499044
19.5201672369
21.1505238414
1.8081085464
24.9356696484
20.1158445471
4.28178431403
0.514099838856
14.1908401788
14.9664142029
27.234870103
16.9990121871
5.579729117
8.91705335977
11.6089023256
18.5311470137
9.32529932576
5.41253361177
8.40275373066
25.9949515157
0.463685676714
11.6788879096
22.6523905975
13.1660091553
6.83266984432
1.94792728822
12.4020093214
22.8191551363
14.8940574976
23.9466349693
18.9758495622
2.84035032636
25.8564734355
4.33707965941
29.5047463413
15.7881741025
22.7044284306
23.2407662377
0.0518268127536
2.34422137986
5.39722499994
5.05005751204
0.274668871361
9.4422747972
25.450979411
13.0771042637
15.9832971764
20.4192051824
27.3986229506
8.13989717729
14.6688274352
12.0137725616
3.37837285322
18.8288398055
7.35556890976
23.28653235
26.3095679383
10.6932141995
13.0649220101
22.9343752634
14.4014313089
12.1753586698
16.1396707611
11.7177219925
15.8474001841
20.1736061398
5.87333133702
10.4648623811
26.6163974619
5.26930605401
11.3850730789
1.27239726809
25.1181103288
9.78584372405
18.4923839548
26.5105937641
6.33595083468
23.4647132485
27.0598970587
8.16341742165
11.4675678237
23.6646609546
13.4484547632
5.99032993822
11.3319659441
8.01206513835
10.2081434104
1.99270661817
15.5638601262
27.4978814232
20.5065735704
10.5230011387
20.480537273
26.6812211743
29.1912652361
1.2819938494
10.5397602229
28.5334090577
17.6178428968
15.1006605308
15.5019097635
10.4913860265
9.13965678128
26.7096285446
29.3551602976
24.9951327575
25.4659618061
7.84174436366
9.94828515552
24.7736031765
18.5572718451
29.4460776658
7.95069649734
4.27258852027
5.12245872521
8.54437837796
17.3007465898
0.360025814444
7.02015671587
14.0665040388
6.33992563551
26.461573779
1.025874671
9.26617709257
24.3001748117
24.6558464288
6.64984966226
4.28041754522
25.6087041879
9.01075992528
21.6256718875
10.6636599047
26.033475352
4.90309516989
12.2110709487
4.50078445416
12.0785239288
27.6034534275
2.54113912506
20.3916618725
8.86871146007
4.89650119727
21.2910780544
7.92077167969
2.78377152389
20.8850070978
16.2915412549
5.57656322619
17.517953575
8.02528452255
5.91607599198
5.03815881002
27.6118259344
18.1777619743
28.2585530556
6.2372478418
28.8498857733
13.8109721962
24.9120692744
2.09765980365
17.4149374789
19.6063698007
4.15402855973
18.7967539419
13.7606452704
18.5277860142
28.5072593902
20.4735429321
24.3452521684
23.8792235764
7.54344777257
9.72250540528
19.294424326
25.6051714923
13.8227918977
29.7904859004
5.95348965029
18.5437883441
12.5276918177
11.3149004942
21.3467926528
12.6451367695
26.8687841679
13.4247205126
22.795414092
0.328179519075
11.5747742944
8.31310328246
3.42349175522
4.52452360243
24.2507425883
24.4296195223
1.66987774057
29.2291354866
25.7119103503
15.9877374232
13.702351659
25.8340004998
13.3521962399
4.00218588003
21.7299670873
25.5108851845
26.959440079
14.5862274343
23.0351155493
5.09084300814
0.279824280013
8.64852203337
21.5289317643
24.5843256864
18.9703566218
22.7848287449
15.7543005838
19.3372779926
0.424188390807
25.005709027
5.58311568757
23.2742064914
13.5321640373
17.7600610148
15.4185743688
8.88361343576
22.7716549469
24.6470841556
13.4069553218
14.8044562688
11.7158895015
25.5346441857
20.1177110866
10.2999768908
7.4507149917
0.30196111987
28.1505339178
28.9238611156
1.66249754006
1.8097624812
1.02254229455
17.990698482
6.35210391036
28.8536443696
2.46579261446
8.61942761233
8.34119758006
9.53436928302
17.7579517841
28.3960392827
13.9685032646
15.6845235023
14.6787238899
13.0707599302
11.4279532281
25.0000548835
17.1945538373
17.4144476021
14.8356638934
17.3786182686
6.22075064074
6.64651193975
23.5333988688
17.0864928098
7.06086453943
12.6412697049
3.54595899096
2.62209637787
13.2043302908
22.4618138243
5.31819805355
27.8470508687
17.7386156254
18.8139939147
27.1514636757
9.24393394627
18.4905362857
7.30028036228
26.6540852979
4.35270132129
5.99512860621
20.7974215763
26.2024896335
13.9675043982
24.8091352284
25.1026146107
15.9904339502
17.4113813085
20.1887739534
25.8878711407
1.10563925746
11.2648604808
6.51363024236
18.2492511438
27.9911613539
11.8481793558
22.03133364
12.2680134911
15.8298288123
29.080545164
21.9007451009
10.6446933461
16.4579960218
10.5384621581
12.2091354321
6.07211841644
1.85245036416
26.4590090079
0.769789631234
2.0909135824
18.3001233981
25.4052061168
7.19454766609
7.02113261235
21.4384015807
3.74628745628
20.0227754053
0.465086409033
7.45210576356
6.22077763199
16.0257014203
3.91341622881
20.4764121505
7.84088451651
1.50308111829
2.94379157725
23.4985481542
2.7364407988
15.8430372439
21.0732937915
16.2088160929
8.92316318797
18.1712327457
4.08590303146
20.2166188463
15.8909111247
12.0653186908
11.7739895256
4.06829977982
24.1051674059
11.4636482219
29.2933261375
14.2151554112
23.0015104905
15.7441619424
14.5477963927
21.8287169941
8.35382375553
20.3465624445
27.7920842864
27.7043597733
17.6357693591
18.0053961695
23.710988502
24.3237003556
23.9275478959
6.47364414899
25.1703439134
7.10835051362
5.404733805
13.9489026516
28.19220996
16.8251924091
3.7292256876
6.45171505695
2.35523371928
20.1325345453
4.80740875967
18.0613828566
5.1602552625
17.627816743
17.5720110883
18.3715785379
28.1910525269
11.6121886011
5.55319557131
8.19757001818
14.4370813969
28.1009328524
18.7509280526
1.55717096899
15.969980828
23.4680739919
17.9022754055
15.7640087129
26.4699812365
15.7337153414
19.8262715482
24.2738833922
26.8078463297
4.92057665921
14.9935716181
4.21265156257
1.94127966244
7.82453341711
24.4791415609
10.8638537161
1.37712472224
27.5488055173
12.3249545691
1.72278526699
27.4352882364
4.54632217398
26.8142429672
5.4252915378
1.5034685109
23.6341143254
4.59503880152
29.6567039086
21.539303592
15.4585954849
21.789503963
2.64748800672
28.7398834061
20.0652748818
17.4616285841
5.60687689628
27.6045261668
18.4267799776
