2.54071968138
1.2637611258
2.67701237177
2.50640568344
0.298042542479
1.93876232835
0.931483699487
2.26215959095
1.62789497234
1.37279662396
2.68610035361
0.171760679401
1.6719528776
0.98373329789
0.10582000894
2.26055555611
1.68522196821
2.68243601087
1.79478368272
1.01110283829
2.95565896614
0.347142151828
0.157805227736
2.19786572836
1.11262469787
1.08439523589
2.62959646947
0.981880939546
2.66696579065
1.93196393769
0.98714863166
0.178597963237
0.735328057922
2.90523960365
1.2158029207
0.480100384336
0.894039747603
2.69872733658
0.494930146526
2.3335801997
0.404593894191
2.88418114031
1.59061615827
0.129509806793
2.79286403322
1.07467663338
2.1942638367
1.5711240444
0.277745409435
0.318177654062
0.447674852073
0.483600027651
0.158267379374
0.141039495099
2.84528488818
0.273875369969
1.52505502767
0.355889461121
0.644363553626
2.28921621834
2.81440446309
1.40913808417
0.016925861757
2.99762490419
0.143319638058
1.16834371209
1.61717010204
2.67520031266
2.46933633498
1.82815992313
1.19580687293
2.50343615749
2.60717515892
2.61571472204
2.15290930624
0.293362031934
0.895738284403
1.45776616796
1.5151601016
2.49862023821
0.713510321109
1.99377226665
1.12259969238
2.32644765968
0.587322987967
1.42988188018
0.31067574109
0.635970522399
2.80552405903
0.948141331523
2.67893101227
1.57290926246
0.117099454426
2.378945047
0.155870685397
2.48083058509
0.0263973321008
2.02233398204
0.497141774238
1.02862571438
2.85825418439
1.45870041939
1.97227915549
2.22220528878
0.329783929612
2.51638727433
2.74175981617
0.466261957048
1.63871528668
0.850515369562
2.22194019258
0.0848111785725
1.53764101032
2.37844456607
2.20421072338
0.324551494301
2.4988203262
0.713522190351
2.42336289365
1.49138649559
0.482477295412
2.2021220327
2.42373885642
2.09670344996
2.89453901708
0.768433353618
0.707286980994
0.441690275435
1.61821862985
1.19834646716
1.06998614614
1.3809138028
0.823626683787
0.0127811329952
1.41525206655
0.827653549524
1.34935082679
2.78662534203
0.537016220504
1.91245073402
1.93324468879
0.84387955067
1.41266399019
2.90883492489
1.0273803762
2.13703554736
2.52065746704
1.08207332315
2.96974240216
1.87760772143
1.50295581178
2.14472255252
1.2714898016
2.13698016853
0.824407150004
2.78162494304
1.6258885138
0.724948480762
1.31159000529
2.68528962186
2.42116595722
1.45340685612
1.05510503022
1.12874224231
2.94358607279
0.336638355395
2.66707168671
2.57282662028
0.673165217812
1.0480762025
1.70867966018
2.40717811122
2.85133621601
2.97542611075
0.843695120647
0.577090723023
1.463175458
1.6726917028
1.97011404118
0.322773396943
