16.0905091913
25.4614976033
9.84412922238
6.34332285747
18.4901280709
6.30298412473
22.7066046754
7.35250123605
2.7573104986
19.3224359961
16.9420917779
26.6814511346
25.783000581
16.6537976887
23.2582753749
0.410579666728
2.53474519014
16.7330001258
26.5873729912
8.3690570153
18.52070023
24.3785365396
28.6782878752
12.2746728864
9.51863447469
4.43715559645
29.4049647947
19.6605909175
17.2289362996
24.2173808797
3.90665473591
22.538655464
0.503828385113
18.3703611055
23.9137747324
25.6306551501
2.5142282102
7.75087557594
3.14991700776
21.9514476044
9.04113731424
7.25832628473
18.6322451727
11.1274543019
9.6773260146
0.847723848348
24.8672333175
1.75303362311
7.88573368119
2.66803577833
6.00505184366
27.7798551787
0.452690532727
10.7584248802
24.6868552317
21.3675646293
21.7404629666
6.11023915389
27.564612637
3.75501251531
5.30036458893
2.97424183602
17.4917461719
22.7692214419
24.0816960907
4.12297634884
8.88065349136
19.4186928741
7.72975438938
21.8998688385
16.1360618158
19.1819494281
3.55481523927
3.44915052094
23.5806391981
10.2448007674
13.7312136485
1.44886269466
25.6219635412
17.2258151232
25.2766236042
22.4367998152
29.8118816417
3.37717933697
12.4844021534
23.7094334365
16.7027245499
10.1864206248
4.6797643893
25.408663833
4.84873089934
16.2806743395
22.5914230434
25.5479775659
22.5877016089
10.7597512017
21.7689274172
24.9763951576
13.578648111
25.8980786779
12.9139243817
1.5768043193
16.7413986505
10.6308368217
7.82042366401
21.8384668473
21.4954463286
29.6923425321
6.93784260915
21.7496705352
4.05502853555
2.3634765181
15.5894473544
5.70578060314
22.434309482
27.4971462631
20.4359564902
28.9263813764
12.4499455301
16.2014954855
26.7831777252
19.3659220554
18.5751864288
15.4032485296
12.429641496
4.86276392369
25.2982627851
26.4566958302
6.48071245348
17.6710071798
16.6727091429
20.066679658
24.8492621213
21.1215986429
20.6544497875
28.7175853704
8.3118332526
4.43817706173
8.65300495021
28.0620758648
29.537427009
18.1727298034
25.6520532358
27.8810672045
5.69375571023
23.1991652748
14.5720389376
23.2515484774
6.63577319632
12.8634541525
18.5271233782
23.8218007568
10.4081829972
20.946488226
4.96356719906
19.4298319777
11.5548102492
1.04461377386
8.609317019
21.9472038477
10.9260147827
25.2073535013
8.91891044101
4.61204215676
19.4856535577
2.07462679957
0.314273729711
28.8642888176
21.6405488414
13.1726136829
25.0180826068
29.4590056195
23.3471851279
26.4674736786
11.0136825619
18.8624747105
23.1539564664
19.6920079109
4.39830074356
1.02263274854
16.1054917432
19.7915608679
0.680529515501
28.538942467
16.0547538125
12.1926062764
13.1558071772
26.7692085372
19.7793865939
28.4094997568
12.0477430258
11.4087100717
4.53425479651
12.6222635342
7.14818835342
5.39673306081
29.1018146821
7.48229537867
14.2584223705
28.2366406856
19.2572437591
19.0796481982
10.0507126037
5.26297508331
19.024329369
23.1027098165
19.8119739193
24.10370132
7.97149379898
20.4000961634
17.7894564196
20.2823548648
24.6781128765
12.2383060412
1.77928940661
9.63040454944
23.0648827671
17.5169529123
13.7799563198
0.730404103274
2.29529431673
23.4820838666
27.5025860274
1.34301358618
21.9036772124
17.7767141556
26.5745452937
27.1127772444
3.42470052128
4.41777723394
26.6465112502
3.08078213315
29.7091311825
29.3585701605
9.02532964264
13.1441676881
7.93596557173
27.1657961292
13.4210307018
14.6828233672
27.5289627959
22.5628430579
21.8153019106
24.0432331053
6.9993394996
10.6344879234
15.1101040175
11.0230243729
27.3039747343
19.9914023115
27.6187940769
4.381329861
12.7105109193
8.56069187641
9.1567622489
16.5993360771
23.079979427
16.2341148796
22.9350768914
11.1995437883
19.845569527
6.2121419773
16.0286528838
12.4310758068
1.33058058709
2.03805793888
11.7328717954
11.5536738712
7.13285472701
2.90554368865
23.9458750454
13.1457598174
23.0410240244
16.1826296058
10.5651663535
13.8673149262
11.800632769
5.42901255228
18.0993029547
23.3513332785
23.4737049095
5.30562274138
5.98705566478
3.59005683608
29.7753159502
6.26370474062
19.9987204451
22.7879661207
24.5414937225
0.850084720424
19.3463431305
14.7632341742
19.1991557681
8.80439440516
28.1503880709
26.947062845
17.7579649655
14.8601113936
13.6025380768
17.75413438
