25.7760974192
7.64701605066
18.2583449244
27.9822307143
6.2013498894
2.42551869062
19.9976601974
13.1440844077
11.1123062672
26.2116422097
22.124935606
10.7701510471
24.7498593938
2.52332874809
7.965042259
13.9209884917
26.1515844948
22.6661777713
24.0939326434
27.8149829529
18.9152452647
1.02774804753
6.30095830228
19.0755833187
4.78339688955
11.7166089731
14.7176170783
24.3319367245
8.65970169487
18.4732635861
18.4668884814
0.56667212809
11.8816175015
7.72184136211
18.4595394825
12.7992933454
14.0720383175
17.4291008426
2.3952701732
0.587158053341
25.0464119238
28.1336753317
26.7155695047
25.3973326965
19.9405503486
28.0702648208
28.7060513839
29.1715360055
0.247176976875
1.85386371971
9.51686397978
3.19546582576
20.5922536456
27.3971959217
11.0136187881
9.35959632435
0.183089783265
10.2184288524
17.7117688012
23.5340504371
6.65076793484
15.269846747
22.6087213271
6.53180921446
6.72024301996
13.8184410726
28.6142705973
17.7756424247
6.68032229971
11.3677816705
9.91609552945
16.7501931737
21.7798553461
16.7367119451
17.3821579612
12.7157802245
28.3659125838
7.5596894211
7.7445045655
9.42339965425
9.93407810374
13.9471027255
3.8659347641
11.4422369805
29.9930214142
20.7465745311
27.1629101342
13.3785957542
27.5259111768
0.526769506835
17.4723912656
3.9969156411
26.8301336356
9.31690373391
25.8876839794
6.63962009125
9.33553375341
16.4916421289
22.1115513456
11.2749054001
23.5959785138
6.09433470785
23.9982233706
11.0400707373
12.2795781044
20.3406085284
3.37396109781
20.639013537
28.8151600084
18.6863147841
2.33348857257
2.0262635065
4.42360573637
4.5718737618
13.5086308605
1.90852859597
15.1083851487
24.354698195
14.6437295544
11.9735248699
