19.1408832628
10.668315729
13.5152164722
8.5206229722
28.5247289651
16.5610841416
18.9324109794
25.5239341443
4.42996047837
4.7608203449
21.1685788276
4.91286334302
24.2157344619
19.2144470804
21.4693302969
24.3406934152
4.22895172805
8.17112976068
20.478050529
21.4731198394
18.039775888
0.135750592369
20.9451643607
29.7011609944
16.7385068948
7.68210490442
16.857223936
27.4796131061
23.0218979065
7.32307542999
5.44964696364
13.2706859847
20.1339175283
8.91688811875
5.61060794936
2.51494556836
9.13400306791
16.6460037348
27.547593328
1.57080791363
3.62173473481
5.07038104629
20.1869715534
17.9975440245
9.23899581983
0.836000357191
13.4293090689
29.5612077491
13.8374366787
6.74688458115
14.411604628
29.3798086731
22.433719046
19.9362425875
25.1588277798
5.43132047201
12.0295509238
20.882273429
24.8085084692
20.5723786346
26.8609884933
20.0872177599
9.4272349099
6.69094720643
15.9971725635
23.7579925421
1.7861434331
23.9112025192
12.4512177042
17.2532972826
10.6405279275
20.539079393
10.4095143588
10.3067265042
14.4426080066
17.5278960659
22.7136462264
1.66479607483
26.368435166
3.39288599946
20.9019167671
6.11174189252
27.2254734817
7.54640461515
17.3998139383
25.6815672961
5.84456633679
15.2808931444
29.2513620442
21.2609068163
20.756411755
1.77329505535
8.26411561326
16.3463958264
2.89317745434
5.68145761782
16.1042831185
0.483937013699
25.6845412795
11.390922859
16.7512923112
12.1553814964
4.30611536679
10.8765232537
15.699290679
9.29227570487
17.0023045702
1.40079943615
18.7042810162
29.7800700854
29.9530578985
19.8081443335
21.9693817437
13.3405764839
0.524430285705
27.1780878125
24.0965764272
10.2991399818
3.64871782403
4.80212969245
0.367798715797
26.1158988396
5.70782185569
24.1004179943
1.34487772474
27.6332548438
5.93072436885
25.8115415158
29.2198698711
16.4177771918
1.14749346217
14.3242547546
15.8408344152
26.573424894
15.9989028529
2.29669987727
1.55393214221
7.86317907462
11.3418913307
5.86360043812
6.49862063314
15.1090580468
10.9599476868
2.47370651983
9.35606727476
18.2739926164
26.7904475338
29.0053271328
8.86289719203
29.4392699966
14.2447569256
6.09540796474
26.2069752709
27.5834006187
26.2726537366
8.95682755011
28.4977947092
7.83907389106
21.7241329878
28.5874631908
22.6428886548
26.2088276007
27.9176299859
0.163487221643
7.37068287174
1.4406096117
7.1758897758
5.61154895637
25.3538038305
1.37139357661
15.8171674807
8.56933851495
12.3513317432
9.83807388866
28.9134222738
24.4360405067
3.14826705773
26.8272839211
21.0255512616
2.55385154084
5.03289817869
4.13712724818
23.673938363
17.6656351178
11.915191919
1.61284141702
2.50017078403
8.46541169705
21.9889391678
25.1868069067
12.8714871945
20.9088878024
10.3229499658
2.88582725495
28.2842395668
12.1247487671
0.0784073484445
1.9010703237
19.125884955
23.1578728122
22.0657196197
4.06173189976
18.8267460501
23.0969739766
3.34544773247
8.14223068827
17.0802105629
16.4858757665
20.2348518569
8.00809415124
20.0541316544
0.0846914029293
20.9996290407
2.26402933325
18.1331286126
1.82055293838
5.64820192751
22.2138692295
11.2218401264
3.98045712079
26.7826952316
29.7262608652
1.93103819027
23.9351665672
23.3364890665
10.2247475812
0.749273246138
19.1261789088
14.3735337287
11.0289077527
8.54867940862
9.13213553814
14.8982902149
2.35923401241
24.1197367954
12.9733307565
24.270354477
16.9233626949
7.13223842524
13.6958792631
0.971680861259
25.4999086581
7.68843761893
2.29850271395
14.8295959696
22.5608284302
18.1705668997
20.631276573
26.0652823386
15.2224459825
0.269194972902
9.21276308745
12.2283443776
20.2321926099
14.1474568549
29.9797584239
24.3043489959
5.84178833553
7.92981626533
27.7402261414
9.34336412395
27.8429874702
0.577911122143
4.29463677171
20.6728898972
13.3301494074
13.8748284321
23.1285346512
11.3277765573
5.6902182174
0.399154139704
10.7119015411
23.8297957813
8.40988513293
12.7118772921
24.7822237587
12.2511435501
21.4682979847
27.0806927913
23.0355887004
14.1631339299
1.9024885812
12.7957268119
15.7745478491
9.72837236102
12.4856183096
22.8114113549
28.9239799932
4.32439072116
10.6067671046
23.7516599326
7.64963386987
17.7062917511
24.0662009559
15.0675492225
9.4037441854
0.0583336738955
19.3374962846
21.4602064728
27.4782545811
27.562998936
26.0482382814
22.4394733513
28.4121574095
13.5234989449
1.52656188316
26.5784517281
8.57489120357
23.5836395661
11.842545097
0.179075469826
20.486829285
15.6659992726
6.76907989377
14.6293874344
25.8949606316
8.57930577573
19.2913942557
26.7123516913
13.4169790782
26.2200623218
17.1361448809
6.52430899387
24.9143959258
20.6421989125
26.759460837
20.5935732353
19.9841105432
10.0668865133
1.00539805004
5.59199212223
25.0137449204
6.35031257817
6.7451587476
24.8237514206
6.20746261524
22.3029811863
22.9716909171
15.9494042712
28.3957999394
10.3928419521
8.26858957958
10.4628944317
18.83537467
18.1542437875
5.36937896223
8.88859989867
28.543679253
12.771953907
6.15407299655
12.05971803
23.4473636891
6.01798672788
24.6841131969
27.2911395741
26.6548944776
7.60470241728
16.5260389643
21.205916441
24.7530457187
