0.30873134596
5.90896012
7.48335827
1.98430541
4.52266022
2.52769027
8.17256461
9.50860804
2.622476
1.3324375
1.67872135
4.10398681
4.84212123
1.46091249
7.17553501
3.69854142
1.58546837
6.03048177
3.12141537
9.22178759
7.69197988
5.40824693
2.68264255
7.33030721
0.07331508549
8.96090545
2.09207128
8.41323497
4.87886624
8.84604056
4.88065087
4.94510552
2.09420152
2.62188136
6.23451264
4.55180724
9.08848409
5.54992346
7.03098876
2.05194954
2.64476304
4.16973341
0.26123872851
7.09027922
4.1977827
0.20042648764
6.77901218
3.64938759
2.25349539
5.09001003
1.44430244
9.41035398
0.15936433652
7.27893498
8.5853612
8.72765205
5.28406544
4.08410777
7.42548575
8.00419754
