1.05309217968
0.972982063125
2.54302428474
1.15090185322
1.45380600182
0.0837619031834
0.374940975521
0.148919960076
1.07792678951
2.34208873035
0.327461928865
2.47078642933
0.556024273511
0.777262750215
2.44618731031
0.0481502725239
0.0132945017858
2.60188715957
1.02680225766
2.39533902497
0.0423526583928
1.88582635057
2.29397920497
0.0231494184621
1.15674217307
0.818185964698
2.22101124483
2.79952315954
2.8102684365
0.0116612059758
0.199135675869
0.0635458536065
2.42843504967
1.90718816488
0.217682783792
1.98639542145
1.5462493058
0.945014945391
2.15343012122
2.58465576576
0.00459172712091
0.217032762283
0.488490732087
2.20742322649
0.919522533497
1.66910154087
2.77305015793
0.686903229358
1.22969948576
1.27901572832
2.2387904332
2.39410116829
2.11625797834
1.73169144671
2.96207614355
1.95994767652
0.463953867434
0.337017721824
1.7022123057
0.520556602905
0.402688308776
0.873055493389
0.92601104672
2.60139009819
0.23511220373
2.95368991495
2.03808778947
0.689508335009
1.11742850349
0.150528741657
1.04579316063
2.64450498246
2.4804176341
0.504020325725
1.21441888783
1.78097227527
1.80611146562
2.01196048729
2.54448723083
2.29568779147
1.79372717592
0.552732852653
0.256811025354
2.70815995124
1.61991000485
2.60986962941
1.34228575448
0.726070216701
1.09925836598
1.05206481871
2.04021758709
0.736861187974
1.39227416209
2.32143483194
1.00258866538
2.39767357103
2.42972132717
1.16776399487
1.65756239041
1.77583503321
0.659429921667
0.253627378566
1.44983264098
1.21844865512
2.49076563696
0.30924802031
2.53254737873
2.55653842872
0.493691372571
0.171441784953
1.68352586154
1.43118048326
1.47418861378
0.942831139931
1.07246909476
0.471283822841
2.64250265927
0.244560852328
0.219607155635
1.37187376009
0.0594184457719
0.101559610698
0.812955526146
1.52741457432
1.74664337029
0.436530701914
1.68834307471
0.634233898158
2.8550945257
0.520798601631
0.733910572219
1.09181324913
2.90700675125
0.209283941592
0.241242306625
1.39955879021
1.51775640995
2.23508624872
1.17922869885
2.02948303918
2.63648961052
2.64282206112
1.44286205979
2.62685247458
0.703824097151
2.43687272882
1.82536672524
1.67809833952
0.726041377763
0.822854310116
0.0281382669857
0.308389678336
0.144127886008
0.352363508272
1.31933514936
1.81222092352
0.264877443852
1.10148143154
1.28673067173
0.825040762422
2.38183641065
0.0309731224119
1.12268123804
1.46465581252
1.54543402891
2.64678251785
1.49556984583
1.26768046621
1.33725713221
1.82726921634
2.25558919088
1.50730892275
1.60183733482
1.29632976416
1.72229982077
1.77741605328
1.91819184358
0.759251486743
2.32286507365
1.37548852103
1.11855719814
2.4627352735
0.317620448566
1.39902633259
0.634312211738
0.409388490432
0.0365363402171
1.39869424178
1.54248482781
0.246677152083
1.2417465181
0.123478746115
2.16408766007
1.07435374526
2.01605572919
2.03894793446
1.682775965
0.430231119268
1.52550236787
0.0524784005761
2.53690103385
2.10988777483
2.18583257936
1.0039066939
1.97692842982
2.02016311117
1.87678006407
0.2332499843
0.201738904988
1.50113216348
0.12281053415
0.476638133054
1.39531076101
0.259670807437
0.955591518756
1.09389683832
1.05889330806
0.101521155075
0.518141864158
0.20805855799
2.07787758528
1.80931832756
1.67848761224
0.547010695513
0.597233105607
2.02326749974
1.654366796
0.0764943899772
2.69264237358
0.997020496677
0.381845947058
0.307842262336
1.7249084146
1.69129521665
0.20263769489
0.913316317461
1.21577209077
2.62959286787
2.79431973827
1.34986929841
