2.71013856169
1.72103846002
0.00861098109348
1.85143474086
0.979934705316
1.58117430677
2.65782629793
1.07180928001
2.72560545276
1.87008034738
0.0474637285397
2.78831170123
2.07269075255
2.99196855135
0.517021525036
0.411407248887
2.79778638911
2.09045448447
0.198000518166
2.26638915781
2.26162856538
2.76907360664
2.13457427589
0.372812885916
0.0596404015194
0.0786329606332
0.0849194640624
0.738633202809
2.58008384605
1.61649319302
1.65846593606
2.52609267708
0.37251994536
0.837551037033
1.75727781437
2.90878724496
1.68309065777
0.0559418681188
2.40189801804
0.698922821523
2.42131558686
1.16358193219
2.59062556368
2.24136492821
1.66872070197
0.409365676982
0.179753068537
0.364030367222
0.133655635634
0.322482387318
0.677128015824
2.13896694115
1.67915094616
0.0376679404773
0.215922839068
2.90182899
1.70430138576
0.609879703983
0.756977233711
2.23147756223
0.586288443328
1.74407678182
2.91005996726
2.54048640447
0.719543277443
1.48130914281
1.85986715514
2.48694269865
0.470374183938
0.0557286065322
0.210066431158
1.45903533281
