2.10002708475
1.13811725882
2.45555354332
0.459482416603
2.04503164606
0.290140942123
1.01708960053
1.27346582529
0.287188757744
2.62805573746
2.22299270211
0.449801956969
1.72944068315
0.797887753438
1.36668791326
2.21321751278
1.0262846097
2.66695968167
1.21845634703
2.64234201438
0.37498504827
0.259846101609
1.40716651891
1.10464202482
1.36724615196
2.50388429783
1.90920693711
0.304468785468
1.81961876766
1.22141474053
1.99053138236
0.52900069201
0.372862631381
2.36364519333
1.54450192053
0.524399084926
0.342287701255
0.552339972599
1.49870606999
0.90267039596
0.975100767431
0.107648414398
0.183342860481
1.37949800955
1.68316343905
0.604896214875
0.968383638187
0.851663143101
2.55280815295
0.0178964011427
2.24792490706
1.4868709718
2.45230665387
1.98604031813
0.57060606948
0.411847444384
2.22311292162
2.69500920592
2.73368664061
2.19791039147
1.33965368861
0.051114137891
1.22984963971
2.97571272866
2.2688118122
1.495624235
2.22769085846
2.88848340958
2.44018373905
0.339322111178
2.2683301566
2.27766737623
0.947417049659
1.74638770165
0.19834420898
0.821848921004
0.437173746114
2.70324190914
2.04183640455
2.99010432022
2.68679975726
0.654144310962
2.60590155499
0.312864749017
0.151097663215
0.0778320484265
1.9446840668
2.64657888008
0.833241837566
0.314353889192
0.847561600948
2.98694183611
1.19166192537
0.981697190547
1.49567743756
2.47952529974
1.33242449881
0.72305626262
0.270542868448
2.57203785625
2.84434792712
0.710321750148
2.70007347477
2.29707926606
0.116018019102
0.0282426422924
2.91093113827
0.435116382079
1.15721710789
0.620122683567
1.594796218
1.54345214851
0.487290182874
1.50547433507
0.709763421826
0.721537603505
2.62393480013
1.18809438936
0.378494694096
2.77050184251
1.32202705061
1.65854791686
2.82342083497
0.905114188602
0.473649982006
0.481109404316
0.711838230418
2.93091564295
2.32785851202
1.34352813401
0.443999637416
2.23540656167
1.72377362703
1.95091872208
1.03674417484
0.980233551491
2.89000755354
1.790215563
1.99887957697
1.02651630334
2.52122697737
2.00982696172
1.14349144241
1.20539718007
1.18439560756
2.91302940358
0.81031103659
2.27391875594
0.582335950295
2.69680627307
1.26137311534
1.53477007042
1.94375255138
0.493834380945
1.1878840719
1.02728069639
2.65466086534
0.811332512776
1.00667916051
2.16630128183
