2.08949007322
0.0828292474367
6.49282513027
7.82874264215
1.06004934322
4.39688156368
0.916696819194
2.1235807093
6.48376158838
6.01796811412
4.68420297984
1.29597411964
2.46013888791
7.76445808291
9.47473346048
1.88316732226
9.52071311675
9.74503313038
5.9818531808
5.91525729001
2.4403323798
3.31804420121
4.36248130683
4.33533880947
3.26114798204
0.49397104572
8.5964188042
7.92054762672
5.18947568653
2.19437596117
6.47613135654
8.10833463571
3.75937670346
1.58361298559
7.44288237924
5.93053752716
1.08504238127
2.29571497721
4.19887689934
9.38015038837
6.83640892705
0.406451736984
1.69479845693
5.19998437246
7.67562401419
2.55925131716
4.81143212507
1.0097115607
9.5411733907
0.29114584111
7.22416869208
5.05960481245
6.79853007738
0.367116879695
1.55674757221
1.38446425553
0.458779002052
9.26776091105
1.58174351337
2.34793918162
2.18246159721
4.98340233131
8.66382144297
3.87279796153
0.693308694683
0.572410439684
0.362207126357
5.70869726103
4.12343401996
3.54109385275
4.40437323087
2.37509057393
2.95689604069
1.5874069256
6.86519437374
8.54272459559
7.07425473866
5.63019743609
3.36534406472
9.11110820824
6.54498063208
2.01020815972
2.05992073131
4.10880689224
4.26179617802
8.9704382477
5.54369446494
6.88492455617
8.75218116239
2.12267723076
9.89480623767
9.53004802718
8.81069200403
0.199413696215
4.59815696329
3.61018290374
1.33358406602
4.91702280903
9.539269794
7.57321494374
4.44081341505
5.10946932421
1.47062145055
9.86373988965
0.14568546528
9.99312999109
3.2814478441
9.73668222101
3.76661896968
6.86956006566
1.21274930955
0.247108994911
3.49296800165
5.8075401695
3.83383638152
2.60092970177
2.3844453695
8.4709660828
1.21956881788
5.15409416383
0.410399466787
0.601296822495
8.4378298608
4.83946505302
8.01466326754
4.38962851749
1.1752675958
3.52167829404
0.925517166161
1.86123073988
4.94314961016
9.16109638978
2.00475853163
8.19443097674
3.78483019638
9.1015634582
4.06339037249
5.9393424584
8.94061096944
9.04404449827
7.55265309005
9.42209273548
0.862003571132
8.74307159367
5.27592241923
8.07221213396
4.16861436379
6.89472639851
6.65651948512
7.88640562348
