2.69482537
2.64186205
2.4776276
8.60129317
9.47549641
1.54011335
9.45389329
5.03319584
3.22339592
7.5995687
9.25478636
2.60517447
0.82584036
0.5352811
8.05126363
3.11728711
6.50065924
1.71419822
8.0011088
4.02508343
0.60407168
6.02439815
1.74278707
4.29564013
4.18464
9.28262762
9.28365992
3.11558521
2.50642755
8.70640157
6.85968854
3.2089767
6.69402946
9.40005628
8.13364145
0.57198203
9.78582974
9.0071912
3.92724397
8.91433542
4.73877348
7.59699644
8.27934914
1.35088253
3.32061466
0.42756841
0.69448617
6.16989837
5.92292099
9.61928152
2.50696958
9.35102874
4.75160283
6.82352494
0.42384353
9.61717961
2.19120277
2.62677336
7.71970038
8.74056023
9.92033118
7.08302942
4.13773734
0.01444613171
9.33031775
8.59627027
0.71190294
2.37016825
7.36148409
2.60282854
1.67719617
9.74684738
3.91673811
3.08893179
2.2940539
0.61175665
4.68523772
0.23760435978
7.18161794
3.68632824
