28.4347912756
14.9283840237
7.27069641873
17.1565877386
27.2427293768
14.0820802873
23.2987486679
12.9168408661
7.85711343633
15.9949586804
3.79122839718
17.8242574369
7.62363463776
8.73195793164
27.8056836163
11.5866226263
1.7785399488
17.0630146851
23.1519496993
8.18414026917
23.8862281035
27.5293724183
11.395583614
0.165428228197
25.2664356714
15.8166319418
16.8550245197
8.61678570593
13.2476717986
29.0742906184
4.51463180326
17.6045557554
29.3544650836
2.50938793477
4.15349706456
9.82581952078
24.5358410774
22.9782437314
0.0752021036669
19.1828394702
8.25708172789
4.63331017524
21.2838269285
10.2378993751
17.5084966298
14.6808584938
12.5193935539
16.9077293027
19.2400763488
14.6042259498
10.8153059849
18.947273617
0.254272334697
26.671151172
26.4411880917
11.50882865
27.7117698595
7.72319001053
22.1243460816
16.5334726182
11.9256520449
6.40345498819
17.4859170551
4.03596507942
23.585622009
5.88142813395
16.1708905805
9.98290026233
28.0883664174
20.2400351414
26.688716554
23.1396819784
13.4951998409
13.5856152865
4.24141637936
29.1917685305
22.4002911971
3.4636618519
28.7131176239
1.15192646175
29.3578065516
21.452908389
21.7565756078
22.0380428029
27.6741415174
9.09372382409
2.4051439303
21.8584560585
18.582261839
25.7995894994
1.3699501037
2.61783197031
3.47630428695
19.4023082484
24.9106834919
6.9793832061
8.3213664544
1.59472482679
5.80700064255
22.437716216
3.44212897828
27.2921720248
11.5876943277
24.3402244865
22.6584830189
18.0661050928
27.7848429369
14.7963257183
20.1273489909
1.06812948719
7.92338769069
3.41914529008
26.3229799026
12.7292164793
28.3939482256
1.78614773146
4.04723928897
13.3123401646
11.0822927609
23.6416196884
