9.53577138543
2.55998601381
6.43722646394
3.60528696931
4.20980556297
4.1913790908
3.23879053089
8.20077028542
4.95860359233
9.38405940672
2.61039859263
4.64913601949
9.13758173724
0.991255768489
6.46237784215
4.20928404866
5.6794379721
8.46457301926
1.71378718866
6.42782007595
0.581646137166
1.73924731586
8.00860556897
9.75244217358
9.17641849143
9.30083844648
8.94253477369
2.63531500938
4.99230192143
4.61115718953
2.82167858067
6.21361708895
0.170000086997
8.82534468641
1.46598769876
4.00251782884
6.16158129826
5.88181996639
0.540441615824
7.53488497235
5.49075505088
5.60453657383
7.67105503215
2.1078897175
9.73675501873
5.077193661
4.90978885713
8.49199119297
3.1654321672
7.98193626988
2.08949007322
0.0828292474367
6.49282513027
7.82874264215
1.06004934322
4.39688156368
0.916696819194
2.1235807093
6.48376158838
6.01796811412
4.68420297984
1.29597411964
2.46013888791
7.76445808291
9.47473346048
1.88316732226
9.52071311675
9.74503313038
5.9818531808
5.91525729001
2.4403323798
3.31804420121
4.36248130683
4.33533880947
3.26114798204
0.49397104572
8.5964188042
7.92054762672
5.18947568653
2.19437596117
6.47613135654
8.10833463571
3.75937670346
1.58361298559
7.44288237924
5.93053752716
1.08504238127
2.29571497721
4.19887689934
9.38015038837
6.83640892705
0.406451736984
1.69479845693
5.19998437246
7.67562401419
2.55925131716
4.81143212507
1.0097115607
9.5411733907
0.29114584111
7.22416869208
5.05960481245
6.79853007738
0.367116879695
1.55674757221
1.38446425553
0.458779002052
9.26776091105
1.58174351337
2.34793918162
2.18246159721
4.98340233131
8.66382144297
3.87279796153
0.693308694683
0.572410439684
0.362207126357
5.70869726103
4.12343401996
3.54109385275
4.40437323087
2.37509057393
2.95689604069
1.5874069256
6.86519437374
8.54272459559
7.07425473866
5.63019743609
3.36534406472
9.11110820824
6.54498063208
2.01020815972
2.05992073131
4.10880689224
4.26179617802
8.9704382477
5.54369446494
6.88492455617
8.75218116239
2.12267723076
9.89480623767
9.53004802718
8.81069200403
0.199413696215
4.59815696329
3.61018290374
1.33358406602
4.91702280903
9.539269794
7.57321494374
