4.44081341505
5.10946932421
1.47062145055
9.86373988965
0.14568546528
9.99312999109
3.2814478441
9.73668222101
3.76661896968
6.86956006566
1.21274930955
0.247108994911
3.49296800165
5.8075401695
3.83383638152
2.60092970177
2.3844453695
8.4709660828
1.21956881788
5.15409416383
0.410399466787
0.601296822495
8.4378298608
4.83946505302
8.01466326754
4.38962851749
1.1752675958
3.52167829404
0.925517166161
1.86123073988
4.94314961016
9.16109638978
2.00475853163
8.19443097674
3.78483019638
9.1015634582
4.06339037249
5.9393424584
8.94061096944
9.04404449827
7.55265309005
9.42209273548
0.862003571132
8.74307159367
5.27592241923
8.07221213396
4.16861436379
6.89472639851
6.65651948512
7.88640562348
8.68363584329
1.7096658314
6.96076369254
2.96281464643
3.1404761339
8.03289320704
2.917976394
5.35298247807
7.24671541702
5.6093071364
5.59390883907
3.24735726874
0.893450412498
0.876437330269
8.48165375841
2.85868319111
6.7094210197
7.99865181532
3.06823047113
4.25722449153
2.92965491645
5.22369992047
9.38049700866
0.683988658562
0.410771728462
0.664537245491
0.413853681328
7.29737431544
6.40794854818
1.99367673813
5.10707032805
9.94770122263
7.00497017961
0.206614676725
1.78275223761
6.65508712196
3.05030998866
9.49672510278
4.85825885005
1.6920525625
7.92851806551
3.03852168099
4.11011162869
9.20087955768
5.13478743866
5.70718371393
9.65270698072
5.77906211199
7.19190261477
8.02277993007
