2.66735405945
3.55335396394
1.41242708457
7.67486697323
3.24428221038
4.37026123167
4.40794271642
5.68149926675
1.69094959601
4.27155287387
7.19252120101
4.3688477973
0.827725019887
3.71340016455
5.85288507617
3.30627012412
4.95826864782
9.09229242347
8.43601345529
9.60767108431
6.8616040056
5.69506968796
8.65498796057
6.65012795648
6.92683791696
9.47598924802
5.20645661148
5.65361316724
0.464753762353
3.52719838403
2.94506675749
1.23059724108
3.66186862544
7.48174943712
2.2310289114
1.3829806734
1.49798543531
0.363846343245
5.63977449599
4.48700052325
9.79883000084
1.75789658215
8.786005468
8.27339568867
8.15213500528
4.64488468521
1.36516921692
0.519053436684
8.49506812273
8.35516799485
1.29520930285
9.67527248951
2.48037614108
8.17254829393
1.92173496896
8.13610871597
0.341456463317
1.43666132621
9.51723509968
8.08254768726
3.87755995901
5.08554519123
6.87945756895
7.47135755075
6.13123240482
7.08214630205
3.94201285663
3.39470102066
1.76317641401
5.72212080651
9.7568156344
8.57498464948
3.89844786876
6.88193183461
2.71169289423
2.51842124429
7.31657461869
9.15738981894
3.25698978263
1.66726997406
3.69076824896
1.37426136592
0.550057861864
7.39464176581
0.184176755332
4.62355158154
8.47623962609
9.84932084338
0.549856931479
7.93506309033
4.53086986194
7.55560672985
0.0413764734435
3.40116863152
3.85641178643
9.47897028
5.34464783043
9.18199719969
8.72449029522
3.10023431282
8.72906043797
3.34943625236
6.7642441846
1.09909862494
1.1236561027
0.121378297466
9.76934342414
4.23803916542
7.79658681634
8.68717952189
1.08149984695
1.55856422129
0.380232945394
4.16226894638
2.67636438508
9.33997496923
3.67032175308
7.10420994364
3.8259565665
4.97003546452
9.53835286694
2.86768253242
2.5229345145
8.0751063101
9.75116254441
0.195254880067
8.46546896119
1.44868465523
8.6137539438
2.84654963313
0.702187388865
9.670855894
7.99192337824
1.85535636165
2.57885750629
4.68700265836
5.53089548099
5.59879894893
6.54988187372
8.10634854958
8.54366071651
7.41546995771
8.22878115276
7.28163480489
4.57379631467
2.59962071872
2.23430975299
2.05834829866
6.64095725315
8.22337567967
0.437246276358
4.73489653741
5.65842830829
4.04189572698
7.21920416931
6.90199832775
7.78280919842
5.90780359777
4.17378299991
0.117240709841
9.19576910392
9.8472723665
9.5583434846
8.60934552229
6.62337204953
0.344357548816
9.27804512015
7.54063727293
8.86431477963
7.35037838889
4.38344402672
4.07586230654
9.81204125322
6.26113450655
7.91201050791
7.82074137479
3.81725015513
6.82444816519
9.09875383059
0.124894379751
2.83010999369
1.82144759628
0.760313353173
5.43526725791
6.22332319502
6.16281875552
3.56972392231
9.8067087541
6.30511215131
1.7218929946
9.02450097557
0.518925913187
7.91317935259
5.9876742999
3.35665045957
5.28843902994
3.04775523295
6.16158944465
7.32465742318
4.99849585568
6.0125828239
5.96773741636
3.43663722852
3.49226752026
0.149581508822
4.20728373248
3.13487222494
3.08917966673
1.86351473598
7.24330453178
4.64264975849
6.62476342586
9.81944103569
2.66882238438
0.525892896738
9.1788798558
1.56068034776
1.68195306699
7.71407072621
2.22061875585
2.02335159519
2.28547589547
1.48115437663
5.36512863177
0.707554883869
5.95229148344
5.61931763161
5.80721500353
4.06700872225
4.11014158647
1.19192598732
0.393261285307
6.86068467793
7.23877816082
1.2961226308
4.45416859527
0.0532387685417
3.34249116187
0.776713489096
5.46260395501
4.81836349241
4.38225168669
8.7418071506
4.58479549188
2.27272258861
0.63632392251
6.61288609503
0.0838534147044
5.77954266539
9.99201162017
9.83940249624
7.00202385025
3.30199755177
8.39479206376
2.32259379413
5.12577068156
0.119903167126
2.5806210482
9.1303268696
9.20994679095
9.6616614302
4.92951229678
5.64919125484
6.22497571322
5.15972939844
9.2697464831
0.604429037444
2.97986559794
4.80064948119
0.238108697947
3.18038324594
6.22528306243
0.069543337045
4.15351097175
3.3145966848
6.60095018185
1.42316587281
7.61099501117
9.41448853297
8.90207807971
4.64589837695
2.09763119959
5.13527320465
8.83685575
5.68078950251
2.83933304529
1.68743060683
0.142646737896
5.03729809084
4.82677532938
5.98394927204
1.93669786968
3.39327220551
6.40829801037
0.495293513817
6.50001429156
7.28081313873
9.32799958978
7.95367487873
0.460625568002
1.44990237734
1.5004149719
2.51867423885
0.241775890609
0.262962292785
2.11707883243
8.93086749578
2.479274785
0.736900434471
1.07782194617
4.35928567586
6.28580649854
7.83476742488
1.27149968441
4.3472601305
7.26670549191
8.46499486373
7.94956472489
0.0667929915086
4.00517357798
7.56856548317
0.276758736828
8.97389878339
1.16385832957
8.44119783639
3.04254985018
8.91566474355
1.95072832526
3.57482564592
6.42558270899
6.58901059128
2.9058310392
3.24156774016
6.94288985194
5.5024610229
2.05520494393
8.34196712922
8.64293399845
5.62684079472
9.31233191702
7.76379275673
4.76430222907
3.69868280265
5.21936431325
1.83266492061
3.90117365653
5.89462332771
2.7695894395
3.82084067619
9.65987188218
3.72038479072
4.55069436146
6.46497809079
6.81193246757
2.45954349214
7.67327962858
1.19879673923
2.32448950305
2.36563075313
4.67124295886
3.28962005716
7.40091380172
7.20936116431
8.06996463007
8.03463293138
3.60429909919
0.209725098309
1.01537792295
2.03911626848
6.12065313598
8.93344467348
3.47417666078
3.26859523603
5.88352918702
3.65959076745
6.4130827189
4.80072623408
0.184115272124
9.68890244123
8.97115194136
9.02313462638
0.425924021428
4.11673252328
3.56550563252
5.67567667989
7.48956971076
2.99645437791
2.14785817898
2.21766532847
8.17675609095
0.942664824361
8.77270019462
8.12340933688
5.07222186092
9.96275800424
1.04678522545
1.17017537955
7.90954671523
5.45325376583
5.43525474314
2.03809437026
0.128123762992
0.876402949609
0.673814313242
2.60627910416
2.93057989464
3.39627589811
7.7385489635
6.18042551645
4.52963418367
7.84522818946
3.24593920527
7.3323640913
1.21651640553
5.97695231496
4.38598605692
4.49343952464
9.87319802932
1.25788275644
6.65170622784
4.81689277922
4.84026364979
9.71781180754
2.61764514142
3.03850890896
0.777206630857
5.99937429397
2.31884024386
8.89770737483
3.37938885068
9.01376071938
5.65769646438
3.37315101451
7.75584681087
0.0149999133099
0.415966906921
2.02161580363
0.745334370302
2.76239385989
5.82643944942
2.08398922823
8.09305924803
3.27554488308
6.59794066022
0.0216884565989
2.63660987304
3.01346336542
4.4136046698
3.12262361727
3.74157300791
3.96552692069
8.9352993235
0.482533557303
7.23851840918
7.27831173264
8.17144598758
1.21037365126
6.53347763385
2.39210635874
0.622605029717
4.49411395098
4.65448235822
2.71527733529
3.83375683087
5.63921946661
0.346704541793
0.207374425346
0.656270316189
2.133695235
9.39717058146
8.6887440192
1.24743086265
4.93112084882
7.70701012212
9.35827549589
3.95505046661
9.4739690268
7.98568215553
0.511434420062
7.31111319928
0.974709436644
3.73280739813
9.85215071537
4.05763363719
7.70503654016
0.607570111363
4.86178138655
1.28932417919
6.22709674575
5.99691458572
9.77532317157
1.77196509969
6.62058090695
4.78021561716
8.99973812046
1.47018769881
7.43933642845
1.73291691284
8.30159075751
1.4963681138
0.830895630157
9.22018851374
3.50230286984
8.38232302727
5.63583291928
7.49045699579
2.59299548242
2.40000915619
6.20529178561
7.97644617022
2.58803193543
0.325852248199
1.20920813188
8.39220091949
3.67420971624
6.78858946585
7.74627519535
3.1803418643
9.08894387706
7.15547213993
2.57538609661
0.0587971325478
8.27062020328
7.61897467511
5.4481487552
3.74411580109
5.88090284188
7.2157043427
0.325236131458
3.26886321251
8.05323298751
3.65160146111
5.10043212559
0.934233432174
1.27306806185
5.25182862626
4.91594488141
0.98407606304
1.40484478402
7.66919831774
3.17794750328
3.003852664
1.77089708359
0.0200870512536
8.20871045249
1.53687993099
5.55220809733
5.28673570727
5.83565309063
9.34746112637
9.29065393606
0.282065956409
3.21045289632
6.86909684836
2.840443617
3.78507464184
3.20827739739
1.91806292395
1.19023043847
7.11070553594
7.07551767423
6.22101680864
2.58034036981
8.26433344673
5.23316628198
2.0945830605
2.88210058554
6.15325918008
0.0366520505315
7.95278696152
4.89093187641
8.16183230564
0.113088457077
8.14111299368
3.20838718769
3.20380251327
5.71245109194
1.33749656304
8.78836655389
9.64895569294
6.89156360834
3.33872587883
6.33396509188
2.71664007768
8.86912665627
9.23930081086
3.73567452828
1.57569770564
1.13828275237
6.46908395045
2.96396465154
6.08424547973
7.14635072829
5.59303930225
2.70348353115
3.03649898186
3.66176148144
6.97158320858
3.39576622856
1.36182511218
5.30031305243
7.75611314262
4.66169432748
8.63495491356
4.84471185509
6.82911291812
4.19693122917
9.26414999362
3.53094061343
5.85385590839
4.1578199074
8.84508917013
0.591497847829
8.34279732713
1.54063958942
6.01500507182
2.14339241302
9.47966166272
2.60472883519
6.80901088791
0.654564614283
0.37785748937
2.40340220857
9.86576565695
3.61280720294
0.241903378983
6.19257010163
7.59418507266
0.587059894457
9.6323887081
8.74185266121
5.41318230017
5.98541147147
2.86996841644
4.1542089621
2.20001619529
1.55249717862
9.96890858132
3.75876762581
5.58677935974
0.757865998761
4.64137142951
8.87111223905
7.66519544517
3.05719005484
5.63806522088
7.28917697552
5.39446974281
9.59030070607
9.61398630887
5.90491250869
2.57664269692
3.59712730397
1.42798535439
9.92157454786
2.02708419881
0.976663055034
6.30826503505
6.07786761268
7.68096561973
8.04016325167
6.63468907357
0.295390000675
6.38527499023
9.27227229261
7.7558589443
8.25910025667
8.20105320214
1.75685152045
1.02473428037
5.90705794761
3.04144743144
0.0871413047499
4.64458537006
6.97019641683
2.43788458842
9.55362256869
5.83492415582
6.35217376654
2.51666053067
6.26149043963
0.508538003469
3.6789171012
7.88102400727
5.76411036319
1.48432048649
9.62362747045
5.21239439706
3.11645062995
1.90816192322
4.46290246855
1.28463745118
8.23593639761
0.296980429215
1.99915960968
9.59006156192
7.26987585336
5.69091855592
9.06824395995
5.67277752013
4.00869567476
4.81874327178
7.94332386092
2.68296307914
6.7073761379
0.10827845556
5.9906229966
5.46335642833
4.7790777836
6.26597178056
0.237613800129
3.78699376477
4.75761539077
8.62433051087
8.12734506853
8.93011430931
9.85436486766
0.334003011652
5.28177781404
8.08503057402
3.83545995922
8.30235810004
5.40447934948
5.07035355582
3.21814988485
2.79223008092
9.23243695337
3.19366124281
7.94073341649
8.26218082051
1.69411104422
5.04551784601
8.29009135754
3.12703929126
1.3553141313
3.14153625387
0.37231352615
4.74552590154
2.94583245858
6.58555997039
7.07156895681
7.89902219203
2.29437090459
9.12621490303
9.26184105976
2.01125138017
6.70750322166
0.632599743352
9.17416124616
4.45670735333
5.02397749839
7.82156448808
8.14023417313
1.80469542874
7.80172678826
7.85041803089
8.78314613116
7.0874907581
9.19643270701
3.15697878179
2.72171906148
2.47386837032
0.479849621589
7.51028846444
7.20327358328
9.67210915869
2.35768813721
9.04449120149
2.87260295727
3.02790780778
2.95483219206
7.28237960233
4.16655591058
2.08350286068
2.06682495582
6.05896435044
7.87882596608
0.116177053453
2.08197216604
4.67194416041
1.97443663715
9.05609660699
4.01878718222
6.9752500678
8.58749929767
2.32530720597
8.10793536102
6.2771834173
7.14698179959
5.07123820645
7.62613704159
9.11607012446
5.96572758179
8.52502297161
2.78945817392
6.74682847676
4.62352404694
6.4761456586
4.52027368039
0.529643396596
3.76259337696
3.47283201662
2.90859443799
7.62665723931
6.13213055052
8.01477362234
1.32895616566
7.4120453959
2.93149033694
5.72469754722
0.251893272228
5.58253081486
1.93994794016
8.16426777016
1.61110308207
7.21291801512
9.23949289776
2.4810273394
4.18515460918
6.20313864042
6.33231018774
8.81375166548
1.8186410817
3.46052347065
8.10633033821
8.20549227855
8.69664633139
2.90535827291
8.68671460887
1.5726145923
4.98664827042
9.98947893448
9.90821193537
9.25357405389
4.89066888631
2.96348048035
4.64716981012
2.09990777727
9.61816035933
6.86810033995
6.83848466506
8.02481846823
5.33709113494
7.78947710182
7.51237870541
5.05657624864
3.26929065031
9.79902288293
4.38277308489
3.77793797771
7.35199047065
9.36557445827
1.90927468609
4.62334927115
7.62818460967
1.2048020348
0.388857664329
8.5298218462
2.75257857278
7.44031304244
0.986205016409
6.7374342317
0.618359778623
3.87745659839
4.6656610019
7.29169806184
2.7750802077
6.3375482604
2.42770633603
3.89756440878
4.33734944773
2.06439833676
8.87416680863
1.32146083983
9.36201474806
4.00610716974
6.08053717173
8.8949058013
9.55927552817
9.88276327847
4.71171894904
3.01967915708
0.682906290886
4.88752058664
7.06169170654
0.984632839498
6.80555654479
3.93129314963
4.26401442923
9.34951113256
1.65669725992
7.3974843276
4.69665517809
8.48090665989
9.06009670057
3.80928729514
5.49331702608
4.69939910177
6.2126507516
1.5548204416
6.15588648279
8.38634767481
4.3946888502
6.96347281158
1.85508137451
7.79750619242
5.64885493823
5.89357506433
7.69341461846
1.14591001158
1.0997086245
7.10654258587
6.22477551044
2.428951171
7.65540416198
9.72810495973
8.12742597587
2.00926426016
9.87876424913
5.14224725187
3.24840154524
2.5641967159
7.64385745047
6.57922403471
7.53075214092
5.37757353406
8.23546279917
2.04879406882
3.67727153881
7.79119367241
6.82314753062
4.82738722295
3.79504521971
5.43531992
6.42896349315
1.36955823851
2.99491192588
5.38395418994
5.4570958661
0.406346456593
1.76492579617
2.10995256611
1.64502475411
1.76467708672
5.97232334054
0.157362237855
3.53416065151
9.17189732457
8.4514884948
9.82661840129
8.64869827762
3.42880386017
6.76630926135
4.66169967053
9.42103547849
3.46748127105
0.971684442351
3.35104233361
1.39104478966
0.454519856475
5.66518895553
6.35543992547
9.93750235592
0.183693841157
3.14344264427
8.9543283748
0.036122944092
1.63092791011
7.6689884708
5.93457776605
6.57854670347
4.69375810511
0.924196533759
5.57401964731
7.83000169511
3.66893994168
6.48569153041
8.26749247038
7.4010945223
9.46397027879
6.61698364987
5.81263669155
0.567521162444
0.179975397642
9.72158787007
7.39557931484
7.94982457767
9.26042075171
8.07050358338
0.74611511347
0.771689111985
0.961342311129
4.45160840733
6.97671964627
0.0555216130902
7.85768324157
6.55518634009
1.53795229648
4.75861207576
5.00684172494
9.88833170656
0.301313673562
1.75487373552
0.629615860205
0.50978950335
7.97466519361
6.78417610238
8.18417787459
2.44939645446
7.78466203167
3.64053000784
9.22007675594
9.78130590984
3.41036728199
9.49849556824
3.9921830284
1.4498124967
7.89518135008
9.9688502708
4.22660288235
2.459179857
3.65514863119
2.75996200964
4.1394217315
0.791100118653
3.38733662678
4.23973014244
7.97513180285
6.51252818503
0.0940649758999
4.79693804205
9.4112898667
0.879854737456
3.87785581965
0.903491087284
6.37888049738
9.93119608716
5.46425865124
0.722719854236
9.27285761834
1.89767607877
2.79151304339
4.06529980519
2.13396457082
5.98393872885
0.810612819613
9.34200653676
7.35568884607
9.97316753423
4.04142527962
6.47265727713
3.91152270178
7.12930183502
9.69141217311
7.99537062858
2.61608082749
8.85697128978
8.07210642307
3.41979402379
7.77832159768
3.19274793357
5.62437164924
1.93903367855
7.88485883396
8.15097769325
1.27904719941
1.06940492466
1.83471862895
9.39307989534
8.43848542082
6.72435626493
7.30711806827
7.30165760917
8.16924133776
9.13679786887
2.46187414042
8.28233999703
6.39092569016
9.47554081713
9.35851482962
5.53609781757
6.55158157697
6.33791747335
2.88659384171
0.911484846724
7.00120540866
2.83441176779
4.51709160217
9.18791527789
1.17545940456
3.98676677663
9.73556668304
0.438151622355
4.13454249475
8.60547024581
6.73815170529
0.801084304879
4.6402461959
8.26831238995
3.23145115243
6.69591558504
5.25231528493
5.53249366199
6.15456224985
3.74714780228
3.90359331726
7.78250612769
6.88166075788
2.39379774657
7.17392767673
6.64151587002
7.71670927237
3.58839251588
8.64938463906
1.41447503264
8.81580152753
0.65215902835
6.00960738248
2.85511185317
6.80798827397
9.02222992485
4.64635647308
5.29602138641
0.342590953
1.4999362729
0.0856371467676
0.113140552912
9.62918145113
4.66868810907
1.73790364891
1.14452371303
0.627158518515
2.24687354494
7.56105674508
1.30937606555
1.13480276807
2.2208144946
5.28728337782
5.32398821968
5.22980911153
7.02115446686
3.46585522986
3.27296446098
1.6494058526
4.62931466042
8.4223040201
6.69194275871
9.15324830649
0.889053013227
4.29606917567
8.31236109895
6.90514146805
6.80871568863
3.78906129447
9.32702021886
3.28434226216
7.95534237672
2.12590102822
6.96329877071
3.51153309911
7.15109916116
0.393881922815
9.94011471653
1.777687462
4.25735189556
9.16125106905
5.68699439731
2.15293858679
2.492563365
7.92920480296
7.84378635367
2.72310948323
1.82356664231
7.3890385357
6.23142298633
0.239605308906
0.515525858599
3.76817923818
9.47521313713
7.5549846398
1.25208542393
4.57542642594
2.26520546103
4.48823853061
7.23583409853
5.97774865753
8.36376234052
7.30829482927
4.00577358193
5.59127194159
0.843184515142
4.29432473482
4.23026723735
0.543244543869
0.144188424861
7.35403790471
1.66891057529
9.42224897256
0.382784583688
5.4035854332
1.24688592781
5.65286845365
1.9828578737
6.34202029673
7.26928224982
4.05661624518
9.4016506625
9.72499647111
2.82858776336
1.61317592021
2.72070536415
8.50865812995
2.68343081896
5.01794646512
2.0417134713
4.63321491469
6.9380786512
6.77045621221
3.73980026355
5.44484396263
9.2071669802
5.6745492249
3.26863210794
7.09947004761
5.75038541044
8.01823506311
2.40656123389
5.67526561384
4.34077444089
4.14356137066
2.24936715086
7.10243535347
4.99051423996
1.27541304575
4.05699627749
6.77992124487
7.65790274398
4.09702203222
5.26673648264
7.40123128242
7.98876934849
7.57909045092
7.50079155816
1.37570924934
5.22641715163
0.243959821709
6.70022384127
8.34555659895
3.28226220669
5.82168270767
6.51019820893
3.92327351843
0.142023700928
8.688084739
6.78279222119
5.92212278658
8.1456961036
1.3294973553
0.296461600206
6.83808539521
0.537819300504
6.9374397999
6.72341025235
5.69067640579
8.33739185717
1.55076070158
9.0122138514
2.49151572331
6.32281900565
6.17766714326
5.1577154104
7.41259836488
4.45673797008
9.72198793906
6.40593853959
6.06920779475
4.09552272338
9.52388355863
3.57619765421
5.70356395955
1.13966985503
2.64922224154
8.73736034241
9.75254737649
0.565833655696
4.3502547026
6.01629868203
3.62790743652
1.38366198263
0.975584540194
5.30394178101
7.59555973168
7.92196258923
0.342389191295
2.11936994609
6.62204302873
4.83862351363
1.42203184674
2.01896269122
1.15489744453
7.67665902524
2.5060474955
9.79734352101
2.15176779546
8.09771476219
8.15347692795
6.3096882993
2.48414806807
4.86285483667
9.43346876514
4.49514394653
0.938510938645
6.06812002589
8.2787964125
6.11518884343
9.47985936839
8.28670926383
9.06093142972
5.78580145528
1.37025355383
9.11069828631
7.31882746956
2.66817053601
9.65325959806
6.72083532836
4.03993231471
3.43633784161
0.304970100327
4.49181639323
3.60560869961
8.38236741733
7.22060480064
0.897317372822
2.56765067128
0.300570888551
9.15809107458
0.625220602656
7.30496622529
2.73885179691
0.228098628242
7.68035053653
2.77807050929
9.40672837842
8.6229477189
0.614163734495
3.73423616563
9.55536046551
9.41652137087
5.10988312137
6.0340861184
6.84588494914
7.84172862024
9.82506512803
9.07886007811
9.46469674379
1.67306735843
1.96370961615
8.04018589932
6.33851446772
5.20947995353
1.4329201985
5.55431272438
2.30408595656
6.4877134791
1.23750034122
8.97694116964
1.14884632832
5.89894044922
5.00405235599
1.56343686157
2.3518211623
8.31389207208
1.44177389719
6.19877461235
4.70006938755
8.27185468241
9.35228116465
0.3787309486
3.97532278975
9.17423524094
0.255551481126
8.63657016897
4.97782399443
5.52302919597
9.93386470568
7.42042625869
7.04579830172
8.42886006316
9.86369713399
2.04458347375
4.07596162383
2.54017070256
0.323852846801
8.04407372436
7.89855404829
6.23796302678
7.46232556135
3.54933293016
3.87503141544
3.27603808391
2.63449383451
1.7378197048
2.85275569631
1.02564692926
9.13360604903
4.81411225239
3.70728120437
8.31571113082
1.5314275354
9.97018914842
4.52935384448
6.80233489364
8.34898409065
0.588038076576
4.24451182242
1.13626156319
0.735035701586
1.42899251794
6.39377557417
4.25149738004
3.84371547215
1.95463955747
3.77739435011
4.52960694365
6.47808088487
9.34616354154
8.41337209359
2.57591162866
3.07285155561
0.539439093651
6.56737542469
0.279349838168
7.02141547361
5.07458416334
9.72489471362
4.2716350987
8.88509865791
7.25623117652
8.01413139207
0.980158485554
4.00628493484
5.32386952516
2.76829667063
0.60421187754
6.73345788756
8.60957458028
2.87831634272
4.87195475675
0.202394614961
8.64684524858
0.470057053619
0.272763393273
8.53969691147
9.11239710008
4.50657930121
8.97342686076
6.72398410449
2.78700110125
6.29234357829
9.99329195794
2.21801177121
3.77126511586
4.56965573308
9.31247139515
8.430443783
8.71674915433
8.95182747724
9.0732117947
5.73485530891
5.27980814
2.50510738668
7.57635525283
5.36581553533
3.89807577616
7.38455136869
2.73305444248
8.60081098191
2.98244694835
7.08600009402
0.520787728161
9.34714983581
3.64346623234
8.86937673405
7.57487303438
8.78823269453
2.42346625235
8.5873808413
5.90086292747
8.51017450494
9.4299182806
7.50252439022
0.495530618507
1.62843549977
0.905351075236
6.03974615798
6.65021310919
2.7606965534
6.001076163
7.73119807211
2.69514699527
4.23218950343
7.2556044994
6.812453942
4.04770805366
7.27898353228
2.39971054966
7.41364855684
1.30467366117
8.18700860966
0.792564722477
5.46865105244
6.25785435931
1.24702078015
2.39544796615
3.70762102516
0.921684628901
5.33052551028
7.68953324467
7.64162363422
8.51625306057
5.03543335204
5.92815154819
4.24602122199
8.89763304929
3.51556477572
1.44877754948
0.720457331353
2.41281553271
7.77559382956
4.21423515349
0.712396612373
5.98217914868
8.58121615005
6.41218379656
2.79240165234
1.49117078868
6.31879918672
1.10449801061
6.30494196961
2.26925796275
6.69495932033
1.81617628705
6.31014373227
4.45946305213
5.3223603649
4.93226777766
2.05293948755
1.60469116749
5.10429339767
2.92472088819
4.41044282771
0.0477637029117
4.89648758937
2.02677978182
6.92202670785
4.9638007215
2.7190092405
2.55889412743
9.90823711109
5.01732707316
6.11480067745
8.2655389162
4.12037831197
2.44163883669
2.11465434183
3.13635364123
3.51434789911
7.24268224671
0.358058265592
1.55320534212
6.38923135871
8.08909200402
3.09291899435
2.7712243484
9.82499456766
6.42244260692
0.174329367781
2.04790249293
1.36466307699
9.90933646792
0.8084191044
9.04228785471
1.10258502304
5.56936352093
5.37601390636
0.332328467626
6.33716566707
9.48750921627
7.52840348106
6.58970404865
6.54905805053
4.50177324213
6.47567619155
3.84506784559
1.00272647237
1.39417561639
1.18332421584
8.44038356885
4.75099948292
2.86677353706
2.90361312007
8.66814707822
6.04090574156
2.9879197847
5.82585637953
0.293158182103
4.97389924539
1.252610565
1.98023787813
4.98551136327
7.59501226024
7.88134616267
5.92298780271
1.83280832487
1.66760221901
5.25008871942
2.39033603893
0.512555142441
8.71054993926
4.7886941345
1.66832007046
9.14781705047
2.4166904447
4.25742266604
7.70141298794
9.64858595718
4.34682652101
9.27844903128
2.56054537334
6.04841187757
7.01517548719
0.301280286373
9.49788287824
3.37885495444
0.88166347487
4.23338623382
9.12486824875
4.45447182273
4.44994605126
6.56611552463
4.87048457288
0.752587038288
0.0865243109288
1.67925917512
1.6077926021
9.51402552256
5.94356118844
9.45521457621
7.9684187985
9.52811019338
4.66561637375
7.24384036301
1.54147330093
8.16775521334
2.9478188824
9.5243642487
3.70052082363
4.85158604038
1.35651567327
3.27640361307
8.13056719333
7.8695857451
8.83587167088
5.33142386843
1.49372629281
8.79969748681
5.10012656533
0.329935848494
9.68140756131
8.08397112158
7.2610379774
7.01872803155
6.50903183857
1.93486831242
3.67881078102
0.886811035244
9.21941647834
1.44945118971
7.52309296427
8.49305618625
3.89463555958
0.165081754994
7.02046859184
8.55044082078
1.80683614088
7.32214033921
5.43381930115
5.35234199183
9.58331793907
0.4311672687
5.47643806337
4.55110715772
8.66436435339
9.4867389772
7.37720657429
6.46358485198
3.10051151014
3.88067230555
5.97129293183
1.47693917526
8.76765755987
1.95940656948
3.96991361111
5.6525521568
0.357523920669
0.706777921556
7.52194245885
8.35305177284
6.5012315683
9.12588144997
6.03271129267
5.15364887853
1.19329510078
0.947806634144
2.6113162673
6.70773561827
6.41851976634
5.54849901392
9.34951147226
1.35466358464
7.49552601314
7.86477486476
2.30942308719
1.62674233767
7.17176117835
8.42953900314
3.27424838053
9.67940972955
8.43595558989
0.862568794334
7.9869557671
9.85061512655
1.78068748
4.85822112243
0.320757998468
8.47168257177
2.42986485062
1.68004821465
7.50619914274
2.88224361056
9.18796700746
6.36999816045
4.53662695417
4.28242158386
8.36162020074
1.54480175413
2.2907475513
2.41274215462
6.64014957804
8.8330560807
6.18800970331
6.82252438219
5.06854779368
7.77246266908
1.60769272602
3.48861852457
4.23583475194
2.77466274657
1.46456511286
7.96204157642
5.20629913255
9.46650121069
4.27066997036
5.79479485235
7.8531979812
8.94579453886
8.23689785393
1.1760839969
3.73483729631
7.55179337251
6.47385296202
7.77149533836
5.05466851823
2.53644439093
6.0563760575
6.12046165682
9.93891864098
6.94802691879
2.28097764102
9.57679075736
6.81298878523
2.27863180892
4.72904933598
5.81293309884
6.76725057319
0.68917458373
2.7408882562
7.86912528875
5.26090112466
9.60121124905
9.21251502023
6.78351207283
2.45046551356
3.08409794792
3.23132090474
1.92946138831
7.93098616369
5.05725732954
7.19230025924
3.66351191525
8.27172933385
3.12561156
2.10094100635
5.46274186859
9.33699071726
6.61194520917
4.85751214199
0.124434338219
3.0914438527
7.0566548843
3.55986877151
1.82598795089
1.05142203272
9.70879688902
7.93485202624
9.42527634789
3.36603164803
8.24247139143
0.000729461941685
2.70390552114
7.53368761254
7.95162039199
7.92008673783
8.90091389994
4.05009342853
8.90692664229
7.64344846732
2.76659681188
3.11938069675
0.260728522162
5.83479683602
9.02421390085
3.53117082477
4.2031734671
5.78608433919
2.58734787419
6.70945868226
5.42595096816
6.79046073417
5.92600047488
7.25371103721
9.60178079243
6.05796254645
7.05871400657
9.29443996009
2.32293608699
1.66555596946
9.28590133117
8.56101803345
9.7124138348
5.95180975873
4.98561020383
6.38475663205
0.583625231809
5.78817336806
5.49385491505
4.66591251714
4.7600858307
8.79894062082
1.93887008938
5.66453161352
0.872089456266
9.14705462171
7.85970909662
9.24184884543
3.95141092068
4.42169028504
7.99327655878
7.09074118526
3.53286626941
5.49295418914
7.61029602786
4.82739460907
7.23128610949
3.14825776085
0.151986801942
7.30314750557
1.55283470741
5.14780591702
3.43723990805
0.0196031760667
6.86979090191
9.85150083296
1.85470728472
0.688062587382
9.05419745495
6.88165234355
8.04672991498
2.58672811058
1.63458113473
3.52732295318
0.564051947412
0.919819144305
6.92718969335
2.89292349972
0.344239521067
8.47771472396
5.26402224937
2.76005870994
0.602757782908
7.61635820377
9.99598031686
0.450269338856
8.45922488223
9.04149435917
1.19335034137
8.86720524943
9.7180983169
7.38250661254
8.45733938696
7.27676578274
3.19830397648
8.51555899205
6.12265495831
1.71950904461
9.53371883807
2.79110733509
9.09726743454
7.38952841737
2.27450316958
1.41303133135
0.149726147968
2.91614510932
6.11299510428
6.50643857011
0.643139331202
2.18123265787
2.05888531335
5.05584280723
5.24400202815
5.94120856426
1.3150134633
4.9441358761
7.01588894171
6.09598389536
2.59785877943
3.53766792076
5.77501131157
0.556725595387
7.67019525455
4.48370620388
6.25905727262
8.08197071094
6.51569722167
8.75069337863
9.09145095258
1.69530136299
8.83885759761
6.15811847386
5.49802848466
