1.91824109433
8.94166280723
5.32683272683
1.90871751624
0.0763814832095
2.92935069248
3.49416399652
3.93050860912
0.649198899481
5.3972176896
1.04219379527
3.26652635472
9.07631571646
0.17664944282
7.67989369507
1.09713735117
7.90968537785
3.60973176816
2.751631658
0.677481168318
7.01415919246
9.59805801045
3.17536120644
8.75393278905
7.09628713247
7.41871439374
9.72396472748
2.36618083919
0.571540482417
1.46594263671
9.04688262756
5.27362732487
6.38440934415
1.23685014
1.97021583313
5.90017570863
9.448520683
6.97017763811
1.43878970907
7.51625220037
2.94868553075
6.55017789976
9.94827909124
6.54949482179
5.41583390528
1.82124299139
3.2005735648
5.78490074766
7.27256677888
9.61207426528
3.55023302243
0.300038733118
5.12068965718
0.136955800273
7.91158014287
8.75889125583
2.63666126868
9.39731363195
9.08238262763
3.13226541835
5.82486152988
1.81547977327
2.77193484856
5.59329358875
8.25400105419
0.70113307171
7.5007598296
1.80438825154
6.54842658736
6.03906091923
1.70261918716
3.948465163
2.19712879739
2.88542358461
0.566712424985
9.28605060754
7.76132072917
6.64705255735
0.0666412029519
4.73032408197
6.25806822617
7.23919159998
5.98163517012
2.95639352095
8.31481507323
2.25809729255
4.56093051558
2.48708323956
7.10397774101
7.40233008532
5.52976011102
4.50472906912
4.39153188712
3.11255320547
9.34198948747
5.13670388046
6.51717158671
0.731105896972
3.94228034828
1.31076591575
7.5049603566
1.01062199151
0.237355116157
8.68064032436
7.65838289623
7.46050208027
2.22788197118
8.97938344841
6.05402361304
7.32094099162
0.349962513788
3.40292862885
9.76832633374
9.0687950918
2.75102165718
3.59931396314
3.10219595435
7.53767850058
2.74143608476
9.081094623
6.21230127794
7.72707472913
3.68756558704
5.5574913553
7.82269561623
6.02625335874
6.53571600668
7.48963464028
6.55721896809
6.47434330553
5.04938193238
6.81234212745
7.12453313686
7.80114716744
4.28160816083
1.41957195409
0.7141283528
2.19598815526
5.54143626918
8.31479507463
1.48280910761
0.495376287996
3.52995051796
2.05830749048
9.34486666724
3.47893931188
8.5621107095
9.29860131835
2.6709810381
3.1317363163
7.63210489147
5.94085916467
6.04170649249
0.0528501035013
1.9046427341
5.68259412588
1.50545488623
1.27049950171
0.22251684984
4.12003850976
5.78438130592
6.36720540402
3.06056830149
2.46937370453
2.92088399066
2.24938213133
9.62173843407
0.589637623976
6.99963065749
4.78013502574
4.72198608446
6.25931008177
1.82261695492
2.65305392465
6.96017363078
4.7270493722
2.49377761305
5.62373935929
0.899068066994
4.65059253791
9.78330321102
0.642121444131
6.03469413455
6.14382690033
2.51634174049
7.31067796054
8.42483843393
5.66812550012
3.52937765107
1.42129491763
9.82164398079
7.35859310883
4.95486896671
7.07574917257
9.01772048364
5.94404853469
2.92804640266
4.80125053908
1.55173403902
1.26965594376
1.86214548439
1.60813031135
6.32285931573
9.51971810484
5.99349988376
3.98927140897
0.37266121342
9.99235695919
6.77405967323
3.47827997014
0.0504490576704
0.714863077175
9.51052290601
9.10522147323
8.68302422386
7.76088721557
7.76677555052
0.677337104591
1.06024918148
1.82022548031
4.70759065449
6.44099546081
0.161811845241
2.91501603985
0.431678337439
4.21537763652
8.3337061496
2.67213635111
4.44644530309
4.62836279612
6.83279329454
5.09975441015
8.80498301174
8.14159238513
2.38502089201
3.16289831423
7.96363407462
6.03057809799
3.84702419742
4.25195090154
9.54854124602
3.72717939111
9.6606080595
1.09399673912
6.77736326339
4.83976343042
8.970196326
7.98655974613
7.8453376997
3.35000964609
5.54127863413
5.80604184787
1.0678636097
4.00510297507
3.83348485737
8.83953567695
5.38887339204
2.60020608022
5.67384190947
1.15946124371
5.47491071844
3.2864011809
7.51777298745
6.44125066503
7.57584396588
6.25961464306
8.80952081149
7.553271184
6.54152281567
0.425689187616
6.90708458696
8.13313344571
4.16444112301
2.13890930107
5.91374806298
1.72720224171
6.9281074814
8.41281128905
3.58518972139
8.83101633141
2.90983727285
2.12767581472
6.78277315394
2.84341592801
1.19043243397
5.7130654312
7.46903965035
4.2268337846
4.19615015192
2.99992592204
0.029915919897
2.19109798033
2.9858460561
0.649825229556
6.94775974268
1.53680957671
2.79642275972
2.09754980204
0.237044089633
8.57045694433
0.224041371167
1.23095521035
3.6173216341
7.2650356883
5.03351806906
2.94026643609
8.45814266683
3.02900453983
8.95053515234
6.90290530621
4.63939094816
6.67804219005
6.55661082189
4.94384198478
8.12390524349
2.2095996989
9.89210533851
8.35369808848
2.62715297099
6.24555523627
4.31044941881
5.96836879159
7.85010389362
4.80847548308
1.72350273875
9.43162148336
5.72008633342
6.31036759627
8.2657201811
5.76103910592
9.77499658205
8.72385779365
9.62190095398
2.82948429192
6.23154605201
2.03502658296
4.71121351333
6.11218854733
2.07863811253
7.35547551358
1.56439097724
7.96839163102
3.9266420337
4.17837588025
7.76122501871
6.99750372756
9.07352664976
6.07419325825
1.10103537183
1.72081752281
8.83771917259
3.8506588444
6.12200773322
5.96723647006
2.06517802801
9.75478286391
2.19018648399
6.13480259437
2.58977051087
2.01044922361
1.41899924072
6.2789172937
2.67572767345
8.17968558109
0.429997945131
2.52195616545
7.37344734978
7.17571498716
4.68557745962
5.84683251873
5.2617102694
5.39650992831
1.26544147685
1.81918614552
3.98012267225
9.94759262002
4.60646793892
6.3196705516
6.18576432193
7.18058735182
3.51854223524
7.4638312218
7.31813405161
3.63096562004
7.25275224937
1.69777615624
2.5009799237
5.05927746401
5.58153486451
6.61983867358
9.8505340174
5.16293168991
0.159629602212
7.93796005669
4.97120614165
5.22228339858
5.44190646397
0.533505949011
2.48374096698
4.77951038646
7.40738460988
6.35285428732
3.04705663571
8.41155672606
9.28112339556
5.01534083547
5.99155455299
7.77688429731
3.25178117301
2.4477674316
4.82646324388
6.71354417933
2.48053207611
5.68571567211
1.46138020509
4.58644164675
6.03344329207
2.50368524969
1.14560953073
0.689319601569
2.63793542548
9.38468821377
1.97649868954
0.206250186927
0.934638802987
4.92159017676
6.59182045191
3.75949538081
8.06023527922
1.28172925417
6.51662474285
6.35342392113
1.92517474229
4.92365725524
1.69792312189
6.98875326306
0.901453446181
0.373979973639
9.44078572858
7.07767680429
1.73869084872
2.05180691025
0.89801573887
9.78445362269
3.00408986734
3.82491305492
9.32667734746
2.95219548182
3.4418408744
1.76546313207
9.55002000801
4.84017709644
4.47087348092
0.291921876249
9.03564682188
8.76724645201
0.406511088646
6.0618646477
6.94974410268
8.33574718387
0.790131292746
8.5126860769
7.56555316159
6.20754195215
8.24530248139
5.79774435909
7.2378596273
4.61159168974
3.74452978778
0.642180063299
2.08321908382
8.84063154901
4.31824501221
5.3190837891
3.41307793553
2.80590666019
4.9433553514
8.8351247403
7.45282847189
6.01099874153
6.23111879907
2.18784716738
0.534646083919
6.13490095961
4.25262139349
4.36560534695
8.07940353026
3.35686619949
1.50272050501
0.672861893089
4.50296053082
3.08980558988
4.09484885589
1.98475108172
0.0616323637793
5.98937212126
3.34051729712
2.7284018855
0.255337375702
2.50233452785
3.93877970237
1.07020729766
0.61605882138
9.50430408254
3.52393866147
2.48206394315
7.23112536817
8.707546367
2.36210675337
3.38037517264
2.11318304079
8.21910389071
4.59592372344
8.7071390329
1.95867909211
2.29194208475
4.48817021908
2.95765842818
9.41247521914
7.02102073675
8.36513309596
8.77246464637
7.37873729
2.94906081433
0.151981761526
2.64398684029
4.75886793081
2.95879847506
8.02591889004
6.5352691381
0.131151178874
8.94096052458
2.5809234818
0.499041983146
7.75800658302
5.72178949329
8.79260634245
7.08241691915
7.54677968548
6.08652951776
