1.93358026959
1.81903351023
1.45825263501
9.87879978218
0.560268411511
1.73388625944
9.30054396997
1.57043850742
0.19640227062
7.94583184018
5.32773310925
8.56676804029
5.43998021508
0.991002605627
3.87621881468
6.12797666426
3.11056450684
6.71593308474
5.42877998598
4.3124747909
5.49582133925
9.55159596093
8.94935016908
5.34575375252
7.12316039064
7.94162814904
2.53473246543
4.78737275798
3.4067372767
4.22968572953
2.47739467567
4.76883283974
6.88611163257
8.31755767904
4.19047912418
4.83181904885
0.251040476969
7.78264122341
0.790337516666
0.138715571159
9.29543667249
7.49641566723
3.38033649851
6.61967941665
4.9026805501
3.28691046159
4.84690005197
1.09112438945
9.80573336793
7.09101931797
2.28027337747
1.17842904477
1.25166540312
5.3536320449
1.57195195392
3.11589997177
1.74107508569
6.37136565629
1.28704348724
3.64210808303
1.15221940161
4.33143062488
6.17466182466
1.6059930545
5.29559799742
7.30888748348
4.5918739783
3.57078720793
5.98117571346
3.56665963225
8.03837006079
5.16223507088
2.03288205536
2.82879811264
2.05182522725
8.24822227747
6.99682349631
6.78683351433
3.2299544875
7.0158460401
0.644617492378
3.74056483783
3.12359644202
2.05264649335
4.93034197295
3.01243940104
5.37611511506
3.13081291467
2.85339714895
5.20064080287
3.92846873277
6.16798732875
0.846218856895
9.49827444159
8.54737543388
8.29813909992
7.37035641915
8.18609876984
0.908601553279
6.40785108445
3.52778701709
7.63933093663
6.80366988853
3.21224387333
1.25607472282
9.02997089216
7.19359792557
1.80829370555
9.62243101162
2.71660367469
6.22516547204
3.79680156677
4.15798214582
6.27672363231
6.70002822371
0.249012055103
4.10593016809
5.71869611389
0.0951308420791
2.48195211447
9.3669408546
3.99106223133
8.61919180908
1.9445117368
8.02021470841
2.62551511028
2.53838896418
6.22137332287
9.18124670934
2.39396234151
0.636503763856
7.13039245763
7.6652502226
3.62507113544
3.62958917154
3.91552159742
6.32513015179
8.28928234888
6.60487532264
5.34838324184
7.66657049832
2.63480235109
1.56440437348
1.43073848281
4.00318647227
3.9433706295
2.29112669064
2.76440452891
3.89216020878
2.51156828249
0.491042590629
2.95738633719
5.35688625603
4.75944530802
7.47311834708
8.17805835735
9.18695801927
8.66094322797
3.27142929122
1.16537687475
1.36585807084
0.446412686766
7.2933031034
1.09968641237
1.97083830558
2.82761457226
8.42640041137
6.93259430513
6.32898238747
1.39662376567
4.40453002634
8.2768973144
6.95529121928
3.08272519431
5.34494600855
0.333187623528
2.39599455868
5.4541391868
6.96860988349
8.6520512904
3.09903594042
1.04503834849
4.64500903365
3.3272518264
7.0633839459
3.80328852461
3.20197437943
3.5540816696
0.252262836881
1.47581419661
2.78353734644
7.26791724534
0.272592462611
8.24769758074
4.25989136666
0.048620877963
6.4734187431
5.71578146055
3.30759305372
2.20799452551
3.05923406277
1.41154734633
6.72550061456
9.71806526989
6.69583261236
4.02035979408
4.61766379435
0.437398809319
1.6410398108
5.64615715338
8.24516312566
9.58047970141
8.00553990494
0.0974480923858
6.81323343979
4.01918046616
2.49934562874
9.63199592229
8.57212430765
3.54523296437
7.81555822157
1.78784829627
2.5511079384
1.42556491942
5.81761017685
5.31172573232
7.3198481113
3.68335711391
9.65320061155
7.39754348088
5.72947510785
7.24058989047
7.91710313537
5.86708578485
5.92603322127
1.85586565079
1.98555236241
7.73298687154
6.43157757327
9.15175312048
1.14558494061
4.36258181692
3.54087112014
5.13284628795
3.10447434464
9.5936910675
9.59203626579
2.47021754622
7.25040681261
8.61246177048
4.40216241834
7.10384597689
8.56237717795
6.59349871971
3.87370885459
6.64657791359
0.0293868618782
9.5404616715
2.65128161671
8.81519476099
3.04520310311
0.49023038183
8.08280887604
4.66508650349
7.46233009855
3.50037522284
5.73027164425
1.17417522411
8.43417082073
9.57371107535
2.42236752111
1.32778224916
9.33706458339
8.42727130696
8.18668052403
2.98595641816
6.62486449189
7.11011593252
9.91752878573
1.85211040107
0.814495332321
2.98248666042
8.96935493075
1.58075065879
7.09818838779
5.98663422958
5.87517378867
6.56879510006
0.0377209023419
8.4355718204
5.01548929517
2.8972091767
1.04862425606
9.69992251806
7.62514360178
3.83222318724
5.23763655682
1.71787735128
5.49437335464
7.82736920438
1.73061766094
5.66511852702
9.2064650934
5.54638476862
5.34187107488
0.570069225604
0.494241593995
3.90502678179
7.18187122832
9.81397926154
4.50719915489
5.6092578249
1.64220940849
2.20336276696
3.15353852293
3.68781362334
5.33664708011
4.58152334466
9.91430132563
3.16205361071
5.75065147393
0.882649999463
7.27464997803
9.31492393847
8.03759476922
4.52872349417
5.75793538416
3.01547410193
9.61683526978
5.25591266368
1.69272615162
8.68412835041
4.69602111928
0.250857213713
8.87716379197
7.83677566062
4.30263483437
4.9096710758
4.17458426251
9.63269378186
3.22496448122
0.645015688795
6.14893226447
4.1940625182
6.16155427197
9.72904728183
6.72643987599
3.28394582339
5.87736569416
3.78422681722
1.76736722726
8.05299712224
2.46514198529
2.04080443083
3.77331012995
5.45244210573
5.30841004862
5.58296205487
4.59123259478
9.30496067651
9.24302724962
8.72451709514
2.18808621251
1.93366616821
0.143522436556
9.05463379797
1.31200655297
1.23121466014
0.794111283011
8.90646101978
0.661072563171
7.02964302848
9.92633484246
0.670831416324
8.46288849121
7.30452894548
2.81836571636
7.65778705661
2.16241785481
4.88043605322
8.4144538528
3.41903525908
8.89385444981
4.98832298012
9.50560334695
1.95421181293
0.634437054356
3.05208798377
8.36799235483
0.576180167284
6.89584821721
8.54215172262
8.73689261531
6.0222293499
1.23670184485
4.22905261205
5.50549372274
5.55121953754
5.49325289409
6.84892114096
8.44926023989
5.27853638274
4.96020152054
1.32254056863
1.88439100937
1.20477858655
1.00063525366
1.38401403069
4.82267687205
9.0129623124
0.835138022492
1.26283996668
9.75646539343
8.64810831711
6.6686164661
7.66933385993
8.67832345828
0.730619901835
4.00561176281
3.94383537285
8.76661902284
5.42986622144
4.39800922147
0.866531663348
3.07165263409
0.950811690701
9.51420658311
0.243978153581
2.62535111217
4.32086748544
0.575012699092
5.85784911906
6.41482971039
7.75110965044
9.91397745966
1.45747855818
8.678211868
6.7465260979
2.09424421573
9.80444725674
2.80990362898
4.02688467638
5.50067646539
8.54496639419
5.46242597083
5.80662295103
7.70263529589
5.40168355225
0.756772198839
9.90406148396
3.00056920824
5.01847560304
5.62886442236
6.73385754355
8.88738033585
6.49227318594
2.16791486337
7.27143561735
1.58334474565
1.37806865297
2.23285913587
0.285710184124
9.44595765259
7.26558251604
6.90087140157
0.65548139884
4.66212195416
1.8340217728
9.05941290066
1.48513753312
1.94868138852
6.19809286602
2.46993434726
0.316438392888
5.83176431068
1.4351321681
9.11034297044
4.66929923987
3.98783460817
5.87530807784
4.28474224181
9.85444989902
4.80659298621
1.75332536268
0.115502345485
9.8469912618
2.84008261479
8.59329675142
9.93548285226
4.40783767583
7.92886903136
9.77358707135
2.05897461364
6.14492442916
8.05743789295
4.80779470797
5.53316721236
7.50364267014
8.79624775971
0.769341766791
3.36969322807
5.82504354316
4.44277396654
3.42271095327
1.17161590054
4.21727903054
9.84099083837
7.93663694259
5.05264881763
2.98936201144
1.65632860957
9.55969726968
5.67305037656
7.61704667528
1.37182514717
0.235215548747
4.52066841927
9.76276605187
9.63368486049
2.57731391783
5.78615340844
6.86843131013
1.79098191252
7.16536775802
4.72852768613
5.94899953807
6.8593256706
9.40984755174
7.37511191382
4.35493257864
0.88520944187
1.65173593216
7.2205216936
3.66198002158
7.37178371931
0.977103644181
3.00339332102
5.39256747142
6.06223872912
8.14672115707
4.36715050658
6.92317496103
1.10825546118
8.97965524957
6.52898723662
5.01565102722
0.0613665071544
1.13690325202
6.28517533161
5.4442944616
4.55254724692
5.99960659533
3.706359191
5.33981195663
6.64837624816
3.61952784026
4.77022607643
1.10124906839
3.82543457409
9.72214174993
6.4596151522
2.91615760367
2.10648329812
4.77566413296
2.91522721901
1.53536389329
6.21674596856
5.14951103649
1.77730046645
3.6967727202
6.44240188895
5.38121165067
4.59567391037
5.977350086
8.23468818208
1.46217563144
4.59332015392
9.24861556445
9.59555469218
2.68923402943
3.28409097087
0.337743557773
6.88981544996
4.56500757104
3.55212289669
2.66681077273
8.6704708455
6.70754783028
1.4094411062
0.682080457172
7.79242647006
6.33921509997
4.81017218556
5.54402935643
8.24270801311
5.34368206131
9.85112959663
1.84720429575
8.15409584976
3.45914122062
8.57655760635
7.04663311786
5.62474442549
0.217493370396
7.38184870757
0.690086330515
4.97810973632
9.10681420195
1.05428578637
4.56096281232
0.0946126079126
4.39079949474
2.82701721683
3.0628128546
7.29122143215
9.01413552559
7.67612440233
0.269683897523
4.17553273609
1.89430466379
7.34111831497
9.56168884451
8.30042489232
5.67821332945
0.54372474136
7.97347696149
8.11687141883
5.28715228655
9.32307003409
0.305542777382
8.94242242811
7.32603809277
0.186364231052
5.78309246937
6.63375500773
7.40654062479
2.44363753231
0.251730209387
4.692901455
0.912034846701
0.773618443637
0.40295354311
2.08176028282
2.66050340463
6.55498946963
5.86747523201
1.08515888724
1.24031576341
5.74999116835
4.05698928839
2.16793424188
4.66093512047
0.062157879786
5.84222915117
3.19346659517
7.11129740154
6.01020638514
3.12207284732
8.19555028429
5.81950795536
0.153284776281
8.96839887735
5.0942763726
2.18396582186
8.21646191704
6.80846622357
8.79315925017
1.62169404502
6.88765860847
5.31242601097
1.8980955346
3.78266263328
5.49513999721
3.91047683337
0.295745744209
4.35919979749
5.59618533785
5.52334996329
6.27224002909
2.18387533131
9.10424225261
2.98382644655
3.988546142
8.9786603601
4.51868650165
1.78726374544
5.17427983345
6.48803574514
8.40834192605
4.11616266783
3.26399211716
5.37862773933
2.33182097678
0.993258381549
9.21162044238
1.69548195467
3.31700667206
0.578011231401
1.25271297032
8.53554393301
8.07624224155
0.325789856953
8.21398042039
1.18522983505
8.57830717541
4.66213658816
6.90401160529
9.8454287624
6.85261708053
4.0318471726
2.76829000588
1.88308502171
9.10989034059
3.31401108373
3.88898340817
1.98317440373
6.6500667852
8.28322977033
7.14505704866
8.75142443485
9.09747954543
7.9347798622
7.36841943255
0.591313792981
4.02170457924
0.175181600152
3.08209963118
9.08444656668
6.83950581895
2.41639652447
1.99354940427
3.88492328237
9.91566285
1.16768030904
8.46576623951
5.88381721666
2.19090203477
1.12087184271
6.41034031536
1.21550658632
7.43301824532
4.26944649758
0.94458305508
5.20517218144
9.70004182278
2.9171486759
5.39981079305
8.04159686228
0.841468020642
9.40490288697
7.47447128918
5.91317708335
6.91091476402
4.88090305968
2.03902681741
5.76636428468
8.07042460129
6.55022319685
9.80843049515
8.48304178666
6.85947188436
3.65743961229
2.18785762018
6.39920919686
0.558938593797
1.41389166582
1.69932234747
3.52368963164
9.90587922521
1.49693733077
8.15165705565
0.991793660099
4.66370609492
9.09238300796
0.505975201297
7.10127183879
7.50873609051
9.82945866069
6.12715827452
2.43496693273
8.75125874048
3.40946777257
0.886983455128
4.05540455505
9.42610671695
8.06315493512
1.12923644494
4.29062021428
1.89420099366
0.384416651304
4.28128953205
2.32834421527
4.25961884585
8.78055486538
5.36324114272
7.1725249209
9.404065349
5.99935065995
9.54450769012
6.13793811539
1.57315563809
2.91632717979
6.14130441169
7.22389881606
5.21348864993
4.97255736616
7.32979041017
8.8039456862
0.58386251506
6.10828805751
0.480061521885
8.52127664139
8.75755297762
1.71782929843
1.68158688567
7.73709279373
9.65758560532
3.52922453394
5.78728874326
3.34001916674
6.32640016273
9.09054242746
7.12543718483
8.47964670247
3.00097738075
4.2900907676
1.19882223177
1.80623559807
2.63123235756
2.87687991835
2.02108824752
4.12685139559
6.76206322375
6.8695875088
2.67198962225
5.92780024273
6.70871524733
5.78505821286
6.91886561365
5.46088272919
6.20602709389
7.05977759474
5.30300212184
3.44563393247
8.22535683868
5.41649178376
0.087997662115
4.50029983772
2.92781703919
3.30768774286
9.56931715176
6.31389469587
8.30017311889
5.26807252491
9.28165887303
3.64447703976
1.31174062308
1.3744117713
6.93050888361
5.70290283974
9.57750950408
5.11063103312
6.85678994003
8.71231733227
1.14193120942
8.12019904142
3.42216172593
5.8221485826
8.50326346955
2.13192661895
7.94803197281
5.15977599255
8.57176006397
7.60926066762
4.37697048558
3.76869378263
6.05408237804
7.64729643789
2.27366460189
4.96627143659
6.57344413219
7.9923032282
7.1581056329
5.68884064528
2.40955282424
7.01241679572
9.85319280697
4.56974871232
9.4120910537
8.76158413731
3.89198788486
0.597776893967
5.96960447107
0.364680989711
5.2401995793
3.80031763778
4.04588464718
8.93451275349
8.71816253537
5.20703632703
3.09437316994
2.55436864374
6.39639516272
3.20226959358
6.44298809488
6.55848219093
3.92994039092
1.85714963319
6.44011054567
0.0474081161393
3.76681893068
9.89072795208
4.58774646883
6.69034734168
1.16321894388
2.5554375111
1.04621014868
1.96009932752
3.25494384637
0.99599759295
4.85307815415
4.32088473995
4.56402208164
5.05334796808
3.61521189515
1.96923485921
2.46266445473
5.54878069924
8.33133199649
5.37550959565
2.25325986267
1.68501689846
5.16205055945
1.50456363297
5.62190371426
5.92499725816
8.693964007
7.73764347137
5.04232263916
6.16551839675
7.75544662715
1.05478255834
6.65038366364
9.78308621781
2.3532762985
6.3453097684
1.5564613458
4.2880342365
1.73751088615
9.58323966381
6.65273423108
0.830620665925
8.2802822164
6.61543917071
7.05408021168
0.290981069476
5.17138936184
3.97941306685
6.4494461571
2.66025743308
3.07576988763
6.46839595083
9.18481826294
2.60975615247
8.8099386541
1.92811939225
2.13156453896
1.74452995435
6.10727147038
6.93852648016
2.72137439809
9.58600464395
5.01143965813
9.05674696926
0.321368614924
4.51531561875
3.85108604295
2.2079693999
9.2804130787
1.6443889766
7.96802064754
0.345150647295
7.70135540952
0.534015587424
7.46858911834
0.937735489729
1.64859871388
0.831600761825
1.7466610631
7.45067345064
5.51978231347
3.22572480529
9.29518764836
4.21623049425
4.75164405922
5.15035753191
8.59507142694
7.2751834369
5.92854100759
1.83541318676
8.57967801069
3.21583067101
4.11801589259
2.25724112081
3.99300790309
9.40781905757
3.72196929713
1.84219071525
0.271798893274
3.24047385353
7.04896708162
7.36816097464
2.09458133366
2.83588395714
3.20372848683
1.31780129493
0.974402802175
1.12598213032
1.29779029498
3.43077488641
1.87694998631
9.32208832002
4.70988403732
9.18585694726
0.471906462782
6.10308579103
1.14028487305
6.54030620338
2.05547877977
5.36450584821
4.3042715732
6.34433673304
8.30273873643
4.681392738
6.02685830443
9.15668191418
1.97760352569
6.42110613565
5.5477769601
3.44337585091
0.293562467226
8.11928064954
0.749128290833
9.09542926344
8.24734601612
8.78386928228
6.89958980275
9.84446380654
3.06013852857
7.00593013175
8.51014831013
3.99114259383
3.07245120043
7.79845146384
0.384254357027
1.3493511042
6.40451493118
6.04375426055
4.91982090887
8.16993703395
3.35318043898
4.64822762536
8.23221711245
5.5594012431
9.22722230082
3.58906294409
6.47257176629
1.26985172138
2.20417862584
9.5854150598
3.06150206236
0.406215828406
5.90511845181
7.85566925801
0.450542255784
3.84004984907
7.81138279515
9.6795935455
0.612020425984
9.85285592593
3.2375145846
7.28614098812
3.21475310268
5.45276549731
5.79734238904
2.63616793693
0.299853828192
2.18145797752
7.49518670736
2.79906330381
3.17138280734
5.11109250735
3.94585727093
4.80919974009
8.35665898805
7.35803355048
6.19641063213
2.50116223802
6.86481477137
1.10747400346
2.40868983002
0.93964590615
4.78600998026
5.80549066415
8.17705034083
7.72942341416
3.15526557594
2.80219909764
1.11929730682
9.97083899178
6.96318626529
2.90885156904
5.62859702036
6.19031091099
2.57419842837
4.21281651054
4.98468276191
0.0941272379922
1.64975025363
8.69940664524
4.92996505226
0.386625979269
7.50675299167
9.85905420721
0.109870198132
2.17460378687
1.18960550475
2.1196391787
1.99021201477
7.96166061163
0.63244613843
9.38855096229
8.96520733249
3.543614509
6.10793897734
6.35526286156
3.54121462415
5.68829637326
5.43234600784
9.6312072985
1.37259791495
5.17333347224
1.91966482905
1.33727889643
0.775381698266
1.39370319406
5.43977451085
7.79223018215
7.08674154895
5.95050688926
2.67580249181
2.37638080769
9.76745321382
2.35433006095
3.78943139615
6.82856559412
2.90021508126
7.15063543386
2.45790267637
7.60320161535
2.03223012541
1.80821038227
5.90073910681
7.38790957187
8.86300265681
5.14939282251
9.17039213953
0.0235334517084
7.60078830401
7.55384827423
0.564862626533
0.107082594263
6.78812795366
5.97533505925
7.30575458654
9.02834165572
0.775510787621
9.78396340949
7.97147151256
7.99270077045
2.11437834147
4.5384968298
8.09441145978
2.30127715459
6.55113376598
9.66348027424
7.64314031582
6.50512257045
6.96485406626
1.14806495685
6.5339707252
9.54955770255
6.17355016071
4.43521448571
0.275912827461
4.20459738465
0.264610210298
1.87544375101
4.13590529082
7.09748043375
7.34324286668
6.44293020209
2.18152702293
1.91865261013
6.73840885059
8.38692234135
0.168978451745
6.00463743533
7.51641966643
9.08511591339
0.674710538158
0.505209400474
1.36968280341
6.9684945552
7.99033124491
0.711573737952
4.25243979617
0.188525331608
7.43369431661
7.87601173256
6.72641416572
1.3359387326
0.317680069651
2.03927932014
2.16737851154
2.79832983211
6.39826397292
8.71536064853
8.91462294006
4.30116996702
9.15324082093
9.10815300441
7.88901466873
4.01673951584
6.25140346358
9.9177016224
7.56640971834
0.782473861905
7.7782036955
8.46225067935
0.191301219492
1.0075875135
9.14509149299
2.29136675139
1.71583973694
3.58032745539
2.81064701113
5.47636538877
1.98137424398
2.18423569372
5.58235784301
0.760052587254
1.12264206308
2.79761137621
7.72260956066
1.73963292325
9.25764052673
8.19113505436
0.615371938533
9.27485121441
8.91394752926
8.55909329134
9.29717228511
7.17005350989
7.01240394433
3.96089357376
8.09121818584
8.33759158108
2.84090535028
2.39038170181
0.506874599483
0.970152911099
9.84649738894
2.51402361798
8.94214833841
2.53160539808
8.99841134946
5.26075961628
3.38304570906
0.307542639944
7.03828573092
4.90603984894
6.50616403507
3.40177628205
7.18624267784
0.831253803557
2.44224511669
2.57777823112
9.31508586271
2.15387809362
9.19105053518
8.85039496506
4.19620194863
8.86283557842
9.32360619323
5.0575028745
5.06816920587
3.33043023861
0.254396242045
8.08952990494
7.48814309379
6.98485274884
3.85531517833
9.29609189953
8.39561726534
3.20482671091
2.26767185581
3.81192620248
0.659960962053
4.73945404085
5.56215184172
8.03498177874
2.01665141667
1.02367345024
0.208201676662
7.29370227061
0.148806066339
3.08143125449
2.9292363308
3.69077399982
3.72967691966
5.387232273
1.16551582681
6.76373865995
3.54370624884
3.58821402829
7.34137300033
5.85351665742
7.01226565571
8.08931416831
4.80722909863
7.01202848709
4.24765742659
2.474832378
7.75542149611
9.51281232264
4.25368292376
1.77286785909
2.10216645833
0.375040671275
3.24921738628
5.44938855523
7.09234588829
7.49219987626
7.27827472079
8.33790507243
0.290505695395
4.72876699901
3.12829261955
4.51208105448
4.76007007069
7.4748173461
2.52749910956
1.50701354315
2.92089355077
8.78607914366
6.87271000322
2.36554940566
9.62835006006
4.58443422261
5.9554283606
8.39658100216
6.73888237137
9.16397397022
6.29037524141
2.59354787332
3.45544734314
4.32672895441
2.10665165955
9.26063858463
5.86288719439
6.75534787986
8.68805447853
2.42981505289
9.34163535245
1.62812341366
8.43668207076
2.57771597271
8.91208145593
2.51905166175
1.29626806593
2.35565728698
7.24700460783
4.43130919667
7.9420008216
8.24224840086
7.36384743183
7.12922341138
3.60226655833
7.81412625574
5.45494897483
7.20719271224
2.2200291528
5.82815427147
2.20708199381
5.57083853363
0.986518498212
1.90922229307
8.45143628397
5.71710930865
