8.48817697
1.78895925
0.54363214
3.61538446
2.75400929
5.30000225
3.05918916
3.04474359
1.11741276
2.49899014
9.17629898
2.64146853
7.17773687
8.65715034
8.07079482
2.10550583
1.67243031
0.46706392
0.39422312
2.0023081
9.98543403
3.72786978
7.60510274
4.73474443
5.09715306
9.45038417
1.09446648
4.65093161
1.4155526
5.38348762
2.98998657
5.37745219
6.65627538
3.64328801
6.23018619
6.42724885
4.1998182
4.03242434
3.90420326
4.06189522
0.79666105
0.56831201
0.78330909
6.95677811
0.29158960905
4.9949242
1.32634318
0.30755633546
6.39489428
4.45998148
9.74606636
3.29765932
1.95424823
6.84046212
3.51098857
7.71036113
7.91799501
4.43874589
2.68828301
0.23904422055
3.71332566
0.9773088
7.27522549
4.59444425
5.20496475
6.84569043
4.25290295
6.03473057
8.23849108
4.51871263
8.87945201
2.20399537
1.06822652
0.12010125629
9.17941399
6.36566214
2.19762037
5.47552434
9.2079967
8.75665942
1.27592155
3.0365374
2.95296572
5.69105038
7.43419629
3.30015185
6.07852307
5.15675353
9.19800725
2.01366611
0.0164475776
0.71733197
4.20494497
4.98917372
5.73751687
8.80373382
2.00719966
4.21178059
9.32277344
3.63290798
0.1500415635
8.99727409
6.15400167
9.70942068
6.21620334
9.36262456
5.99039671
1.39278715
6.78374723
5.46339047
0.09044383534
7.7477024
1.21424505
5.17394143
6.65752344
7.62912842
9.40878881
1.23987564
2.09995738
3.65367702
4.012885
5.90005461
9.93914701
6.11508874
6.83021351
0.96211294
4.34021672
1.29158695
2.15403369
8.50065947
3.69989246
2.28212479
8.59932651
4.65750779
6.78116971
3.77875977
7.16433555
3.65019787
5.51521872
5.862687
1.15388349
1.59535751
7.45438228
4.72341694
6.30202928
8.1201369
0.66001123
2.9991892
6.23582054
4.93187537
7.89219729
8.38789928
7.61276671
1.21491586
9.69742712
8.63809228
0.99290557
3.42655003
0.36127052
5.86840879
7.97385496
9.69131057
9.68505251
0.79029505
1.84742978
8.83535735
7.44513728
1.67016245
4.38509309
5.1265743
2.17381657
1.01643432
2.48964921
9.66612317
8.21846506
4.35116131
8.27812336
0.4753699
7.69853244
9.65601563
