14.5967551343
7.88761464055
26.2185499652
9.96608769373
29.3375168033
8.21969230926
27.0919158874
4.75117737615
2.29600250563
23.1567905348
9.48759767158
21.6383516223
2.62861849977
0.340192112844
7.82833371763
24.5842298365
9.21278423998
27.1698925252
11.6889645709
26.375128984
12.288572536
2.66704428415
26.4751765522
22.9175931953
24.669638813
13.9743525532
16.8371399865
20.1362553982
21.7940579715
0.329777073204
6.59182124954
22.4844873477
0.628561172383
26.2037277412
18.0734627656
29.0196614373
1.83255431296
3.17661065481
18.1702967802
13.7208301198
0.893688783413
11.7936074708
1.85031184653
13.2129613542
17.849949515
14.0492535791
5.01971111294
17.3045323365
10.8266351648
2.24214608705
28.308837382
11.5036936164
14.3634509842
17.8192290472
10.7068179698
11.4330599475
8.85782631459
11.6597186376
29.5630421631
2.63115623206
22.5778222987
9.86382762819
20.043877128
11.8215248814
6.76368354633
20.7173723749
15.9585669464
27.2492559889
19.8835008417
7.7577566828
7.80187162364
7.0043316956
26.790626189
21.5646082089
24.672710854
19.0389076444
6.55372133476
9.90468231364
18.8370336774
20.9718669602
27.5436222173
19.549441709
6.2079297339
22.2819999011
16.6911191299
23.062135533
26.2842976704
14.1496994943
4.08154970702
21.3538827094
7.94827756672
8.28706065103
20.0068358296
10.5491403709
16.7630671786
8.21141860754
20.8700079426
6.9932587117
20.1778516344
14.9547424395
20.3155820189
19.4266187124
23.8382078165
15.279179072
8.65337056351
14.8410195363
0.301287201495
3.07649351409
6.54318191867
5.8175858252
18.6439207157
26.5183504645
10.4710544194
28.9478443652
17.2088708881
27.8501947422
26.5893753323
8.17852030852
25.7092467849
22.0328478058
1.33483313509
0.427811664543
13.9144403294
5.75996474058
0.284000461052
2.71766397749
9.01546855152
8.82553870777
22.6720140801
11.0732117407
3.08921218246
18.0564702222
12.4084951429
22.018869258
11.0684275379
25.8592787419
3.858218955
11.7526416142
20.2423235261
28.0769328072
25.8087973111
14.8754798303
5.59236698271
11.9537054217
14.8115006455
8.39395956561
13.3218783453
15.3067938897
11.960953084
8.30433202405
6.52804768733
1.95824008009
7.40020044021
10.3041443957
21.926089303
6.33977750131
1.41252289589
16.5812917145
25.9107145259
29.9003346656
5.44059032052
0.357638797679
11.5249322854
26.9427722949
17.0699039939
23.900388701
26.1551986154
23.0164351328
16.1535591784
10.0866926344
5.38733434069
3.51523593526
20.5133210553
26.4040700658
18.7503703895
24.887605994
16.5782711245
27.270612744
27.870436007
17.6410723676
21.134610272
12.4248755306
12.8561132106
27.9872881312
28.1458790365
28.1095479286
13.9131815834
27.2910779749
19.6660784935
13.6767005788
3.83529260946
21.496886046
7.19057698951
3.3519519248
23.6694405708
0.200207222994
0.799890371388
24.4151688055
15.410489088
12.5330878936
16.7025083978
6.88002332905
26.6244010721
3.66249068942
24.9114561132
1.128147926
24.2126714482
15.8442093045
29.2676491624
24.5873900066
6.617647842
7.67465088019
21.5209103622
17.7224170213
6.29394122979
11.7614901528
9.84644906517
2.78922042888
13.4849830925
1.5349592373
19.1061458745
24.0069325657
10.2808095667
12.7898571198
11.6058833224
11.819852347
18.9573498796
15.3873035273
0.141220626247
6.01012388424
13.1329402933
12.2349067126
1.06323664611
9.19801487848
18.0507378309
22.2580362779
25.9312663334
5.037764649
15.1664208555
13.0285662237
11.3225381379
9.64790859528
9.51005937145
25.9553028448
10.9403677651
25.6394647488
11.5530839812
18.6426536826
11.2563081061
22.8525533092
2.43484577366
11.136845192
3.1784736134
4.46235857151
23.5789795924
14.548024991
28.8153303995
16.8154649442
0.685845559116
12.5766914906
2.34273593376
10.033670424
3.42660298881
2.39773656681
29.1862475937
5.73091490584
19.4967125894
23.7148077838
10.0372630071
13.2828516237
18.9637568372
4.91394935635
4.49905984969
15.360539392
22.2004446463
11.8047818791
20.3327450547
21.6626604261
11.8839678678
9.30603929627
5.67421655744
2.66430857538
3.87621087552
4.26465768652
22.4420001616
1.55847599986
21.7514517233
17.3294776956
17.3825872989
24.3381463505
27.4840251075
27.3090757359
17.7287755304
11.658151139
2.86980006316
9.14613896033
9.34109049493
29.2999760103
15.4412207095
26.9262107559
3.79913824407
4.13379546437
21.566226137
11.1117697446
0.929354015221
14.4658811506
17.2969726172
16.0498264234
23.177430252
4.02992693379
9.35102451223
16.2684506117
20.482348742
6.99023750919
6.77843021164
1.09027788245
23.1904744489
20.5691000343
21.0974899454
2.89898584439
2.13914915685
28.401944842
20.03362228
7.49856557039
19.5161815369
24.6948958285
14.0699360169
17.6326139975
3.49399512507
18.2641156634
5.61349406817
10.8356840943
15.7813365443
28.4619707586
20.9312597847
23.7396292041
3.40049721154
3.74657272446
1.87837140229
18.9864746479
14.6320779882
22.9727601274
26.8516689097
26.1648262144
13.9541456338
7.27471908863
2.9525625026
28.9490865672
19.7608191622
7.23629751322
3.8985080922
22.1683921205
4.10305801709
10.2934088963
15.8230976367
6.91046856186
27.100804927
7.98615619759
4.6688468769
17.6775471874
14.096602464
10.9710810403
14.1572342639
27.4347603621
27.0341501846
20.8716767759
10.3088728553
9.17272713839
8.1404909637
21.779211989
9.32840714364
12.1543002902
4.1845057797
8.56272480111
19.0088291882
21.3608291012
12.9803228327
18.7622044106
28.0474528955
1.68047663935
19.7018466822
0.264449355206
18.8501313495
23.7297589109
25.9576980296
15.2363746474
18.2210565796
6.26982991139
17.7892737856
13.8450359108
3.68806641908
20.6691231984
13.2550813065
8.78349149269
12.2733110004
3.71551526834
7.91848616114
28.0165037785
8.54439614389
26.6553045212
11.5672428572
17.9913870116
9.82807294699
16.3029204829
27.3074340669
16.4417727696
25.2666996119
25.3915147168
9.6089529987
2.39688871471
25.675732952
5.67485532957
18.3976753967
29.8568447078
4.37277021559
3.06869629104
18.0214103152
13.2311226835
20.8586870672
29.8115172268
0.452476664836
24.3707610068
3.95452673346
18.8703833328
10.5057260632
4.37979926726
8.2505416218
24.3739123246
8.58822969602
4.14515236581
3.50951432713
13.7100680773
15.9089895595
1.66173465232
3.94846162552
7.29763366609
18.8112705622
26.8872032077
21.467319281
9.94500679569
18.4699262121
17.6123045832
28.0639239049
20.3676833343
7.63131891386
9.91256448612
0.482377529165
11.7924280246
15.0799296643
0.607403248131
9.6431808083
0.955684128687
28.909100731
17.3484247719
12.8519088821
21.1400409546
28.7236200252
2.82427111098
19.9167529018
6.66628173856
17.4549329982
1.59712820255
27.7693490354
13.5494056277
23.5265866307
9.54011645718
12.1895403895
8.45973007447
26.1119763471
3.90532548933
18.7853586098
29.7611066065
26.5763983232
21.4095221914
27.1063346895
17.3403939119
13.8478603589
6.12050050433
18.2008712817
25.1435348001
20.782993797
28.3669151785
26.3217218855
24.5937784048
23.3496975463
21.861628658
11.9706431637
12.2316368953
29.8391636381
4.71509320021
11.6532057572
14.5096037988
7.13358720582
20.6855772403
15.6021711435
24.6514705609
3.16089693069
27.9262916439
22.466770081
29.9707618889
