7.6919798775
5.40824693037
2.68264255393
7.33030721335
0.0733150854861
8.96090544749
2.09207127762
8.41323496541
4.87886624125
8.84604055921
4.88065087271
4.94510551748
2.09420151794
2.62188136081
6.23451263995
4.55180724083
9.08848408864
5.54992345907
7.03098876097
2.05194954491
2.64476304237
4.16973340648
0.261238728511
7.09027922064
4.19778269539
0.200426487644
6.77901217724
3.64938759276
2.25349539451
5.09001002772
1.44430243985
9.41035397538
0.159364336521
7.27893498427
8.58536119587
8.72765205492
5.28406544043
4.08410777346
7.42548575222
8.00419754072
2.69482537167
2.64186205397
2.47762760074
8.6012931688
9.47549640894
1.54011334681
9.45389328674
5.03319583887
3.22339592355
7.59956869608
9.2547863616
2.60517446736
0.825840357195
0.535281095501
8.05126363199
3.11728710575
6.50065923702
1.71419822345
8.00110879862
4.02508343145
0.604071681336
6.02439815454
1.74278706742
4.2956401337
4.18463999501
9.28262762327
9.28365992474
3.11558521471
2.50642755139
8.70640156568
6.85968854364
3.20897670445
6.69402946212
9.40005627618
8.13364145466
0.571982030501
9.78582973908
9.00719120047
3.92724396662
8.91433541505
4.73877348057
7.59699644304
8.27934914337
1.35088252951
3.32061466449
0.427568411142
0.694486171189
6.16989837273
5.92292099075
9.61928152123
2.50696957864
9.35102874117
4.75160283103
6.82352494033
0.423843533949
9.61717960971
2.19120277005
2.62677335687
7.71970038024
8.74056023499
9.92033118133
7.08302942173
4.13773733942
0.0144461317126
9.33031775453
8.59627027308
0.711902943207
2.3701682546
7.36148408598
2.60282854206
1.67719617231
9.74684737918
3.91673811014
3.08893178596
2.29405389982
0.611756650796
4.68523772478
0.237604359777
7.18161793588
3.68632824464
5.51289702207
8.49972806451
5.30717741436
9.9606672862
9.21991845301
5.44845213201
6.96021486246
8.30418911909
2.19651302234
4.38104917587
8.8428637583
0.498792545163
5.36865346996
2.54631217996
3.98345751721
2.32403589346
6.12294219938
8.29424230108
9.2469084365
1.48861161665
9.13848164093
7.72368584422
7.79930105361
7.80496780947
2.72453166285
3.17717661381
4.58244729669
0.830044496173
5.12908262295
6.48905994202
