1.62462892957
0.576776921768
8.78791493895
5.29124296047
2.8144259387
7.8004478435
5.22887812935
4.81126233982
1.40077445231
2.38850338167
3.24582743308
6.99389085735
2.34945288426
4.35062332096
9.54174577895
9.62485461029
2.74795690825
7.65486083674
9.32412464844
5.26059565345
6.34503229785
4.85688492495
2.57282316728
4.7328996329
7.72886893054
7.52703489001
2.5665065482
7.5583403086
3.63634706476
0.724796330269
8.08020321556
9.36494837572
0.929584482264
9.91157053326
3.71552441396
8.9813506786
6.54181709109
7.68938281937
1.69027628978
6.77495822104
4.99635914329
3.25626362514
1.58377649531
9.1152962819
6.52113293175
7.50257481861
6.76891845651
1.99924963837
9.69280681904
3.992675099
