1.8072668547
8.75824537143
4.73341224429
8.00731863408
6.55943798346
5.98578410814
0.621265789122
1.28394583621
0.359585630985
6.86433937802
3.09370372947
9.67001757942
2.08156361982
6.58789337582
9.06168590341
6.42417145113
5.58504027565
4.94428033827
6.20851398755
9.24300554232
5.21086064298
6.51965266985
1.39481446932
6.27908815991
3.0808157447
0.141142285239
1.0152208957
1.60065062394
1.10272221241
4.13051554124
1.59116991296
4.94314947012
6.54087889687
7.7676879118
8.73823315803
2.24837929694
9.33175842101
9.76759883775
2.95627957043
1.73769653407
9.03960937185
4.86880114094
0.114753556981
2.9270011527
3.42912742826
8.96670664803
3.83153878952
2.60946230856
7.56507652683
0.342459223479
0.0146890600392
1.89330842373
1.95832248647
2.57081217476
0.122059592662
5.68960592931
2.41864112408
0.839964495701
8.98412881406
4.85391181265
2.90190865446
9.17010151483
5.10661574788
6.97209120766
3.76945027758
0.962103642832
9.50675917121
9.4591391642
8.5065877884
6.37210377462
4.08453672084
6.12495197759
3.7358272937
7.92806870853
5.97703174707
7.49517018261
2.95241271247
5.63096778639
7.47103304568
0.798937357639
8.651969429
3.29797940069
7.99538009217
6.98665776142
6.3326078885
8.17122129853
9.59781000674
0.484082145609
4.47324207097
5.1157214282
7.37658359086
4.52860557559
5.12567022866
2.1579206313
7.47729453192
6.03502845687
0.559777961288
7.23225624877
9.29419167789
0.0592317608764
6.31115285355
6.82314581532
1.28407327818
3.52431975906
9.5379841638
1.42698470002
5.06336180906
9.67599845683
8.23168972686
7.47697960479
2.52684133592
4.30048969835
0.272228403043
9.19756654152
9.45723769671
6.75637531495
1.28575068043
2.1620695234
7.080592659
7.78982065715
6.96139920948
7.25774820972
7.62651575083
2.56183437255
0.302925924263
4.17139578277
7.83482320147
4.07844832442
8.56477056023
2.32301981546
3.13867985747
8.43543640437
7.60307060888
6.17497604702
6.41701178552
5.09063223858
3.84260047316
2.63079653436
9.75380572723
5.66988402805
4.04553196608
6.29867474815
2.31348842062
2.05829147687
8.65228172463
4.23465219531
9.14872035473
0.388591879886
4.24183348282
7.266152259
9.85593380246
6.82536551406
8.40842681008
4.75782551509
2.16050381326
5.01706927529
3.48728304246
1.55426789691
5.11428848014
9.21755005278
0.315635230119
0.941510170264
5.56109502
8.17654817455
3.47410090802
0.22611705271
6.30298274861
0.678604092843
3.72883820192
3.20381486284
6.69902256691
6.16214991988
2.62238762535
9.18516728813
1.8410172116
3.64366954976
4.22431572106
1.84692133156
4.09538115275
2.54294575434
2.56431908517
9.82210679279
5.48247571495
1.89629013215
4.37584074007
4.29146691466
8.05715725438
5.05348244744
1.74788885595
8.02669344254
7.98895443978
7.37612879289
4.71276719631
1.84028242751
7.94287947314
6.22813168532
7.01447351131
9.85352760206
1.79150843141
2.76084636368
7.204114395
2.75542588127
4.18344795197
3.42632301951
9.76719839348
3.16062173265
8.98800349266
8.69752046003
7.68928593298
2.49462596743
0.701887518358
1.19327455578
8.56519455269
4.69838991705
9.72530640785
4.12600951807
6.82395079718
2.59019917774
8.16849854485
0.138377044503
4.83721778003
7.9803759079
9.68058922806
5.31813631838
7.94864085484
2.48188347193
7.48785019422
5.21210315348
4.1062874577
1.26380338173
6.30812667236
0.709018004723
4.72972286767
2.63322281145
5.64997489891
7.76187890565
4.11927475849
3.84449724016
5.44474188123
8.12990735981
6.99660681662
3.9227477491
2.11261004206
7.06026991558
4.9229977216
1.3367860756
5.75576718289
4.03434351391
7.54432488523
5.40273354717
2.68133844027
2.30988867982
4.20952012019
7.88699479802
7.03063133839
7.59983877518
0.208751397317
7.4928933323
6.81137843728
5.93414321501
9.65023147136
7.45603397403
4.95652530104
8.37286583424
4.66306695752
4.53923718045
4.03801647278
3.65604380866
2.49340884369
0.747190268662
2.82024514507
0.458494970204
2.09747490925
7.84850245243
4.88377444953
4.12532535119
8.69793062211
8.91611799273
0.609074239405
9.46091234059
3.38776094356
7.47831744027
1.17112094131
1.74396680662
0.106648740836
4.81477882592
9.57415984609
2.86004119782
4.22580872104
5.75317715907
3.37011845063
3.47903254388
7.08715753999
4.84991289678
4.98406702777
7.38310238932
1.44611061215
8.48498999654
8.39106820878
5.01313141617
4.76123865102
0.0484235050206
9.25669023857
9.18926376277
6.13930178881
2.65613992318
2.13369871239
3.01688732542
0.0361103427215
4.32848237112
2.99133149596
8.73907401812
5.60971484985
5.16045148745
3.77368922515
5.31395244609
3.66655819638
4.19754773638
3.16242398584
8.53118315376
4.30885847447
7.49964926129
9.87714456494
6.54294485341
6.0660960158
4.94913840852
1.54016191683
1.52823425729
5.50839286735
6.16412364286
2.24059674842
0.0848812664525
1.11932072508
3.65123707697
6.74442674005
6.59864036745
7.51263965995
6.75764063085
6.61164216588
2.47358581791
0.836778185143
2.54081352502
9.44051084124
9.65796286153
2.03880292852
5.13223330817
4.7853426545
0.266587538545
8.59335629525
8.75395944374
5.9617768904
1.06988088948
5.12037734337
4.26063540549
4.91148609886
7.54116757926
8.9749911599
0.775769826564
8.39966889425
9.69606277599
8.7811573588
1.64054250413
3.52325963492
2.8445221902
2.26631316308
1.93818472851
1.28303065976
8.38631451535
4.8626520385
9.26225165089
3.90966766447
2.83215649668
3.61353239451
6.37375525648
7.01446077001
7.44297232467
8.02545953072
0.737411189857
6.59703530054
8.33111383337
7.90963261852
5.98655676586
4.57140158661
8.53453568346
8.9697169681
3.14002481739
1.22711380859
3.83715232584
7.18009716789
2.11414449815
6.67690287877
1.79877166276
0.925158116004
7.70321004934
5.49409259646
9.98258068651
1.7367004108
0.136564706407
8.72360488085
6.20863707219
6.02339918344
2.59150063385
1.71409934641
3.00607415199
6.16567189194
2.62833430769
5.42796147909
9.80549087075
2.48557186466
0.250065771532
4.27764724363
2.11291968681
0.320319084185
1.92506438217
5.96050019948
1.49949608101
9.99733316911
8.73244945017
1.33760241959
5.24886047331
2.83444300145
3.18756628356
1.8020816657
1.89641643122
9.33506085355
9.01177527034
7.43787216376
7.21078132992
6.3105596417
4.04853079635
8.13800837385
1.6616918438
7.88254603058
7.51883105622
7.87131372826
1.35279943623
4.93311464821
5.88333898305
1.12940393186
3.57262865497
7.99379154571
6.07171240139
6.31669249776
4.49554653009
6.81854314788
3.11100530363
5.01373458878
8.46317993075
8.07650739712
8.46951520639
5.12478621234
3.79850831038
5.26927747673
4.38338846418
1.65765831613
7.32887680345
0.349685842975
0.07032382183
6.68617399711
2.96369566042
0.9905337507
5.03053968204
0.329220304441
4.20321357374
5.52179381015
5.9411601306
5.26200528908
9.63127654791
2.22097064157
0.214399069382
4.06207874139
7.86955307529
1.84843369964
7.30965622923
2.85635836945
8.03152743435
8.75825665902
5.69992013354
0.104618564075
7.34173655278
6.85100261098
4.12210891166
6.92152850351
0.419427571591
0.787607544594
4.36035345043
7.72348581917
2.72349633531
1.63131001515
2.76843978873
6.76016619529
5.35318169436
7.84562198138
5.01286116824
0.851223311712
9.84571919583
0.176074243226
6.77420016893
2.02255760009
3.9618542735
2.92640159846
7.94127934081
5.91352831809
1.20413081868
0.314714251021
9.69954128599
4.55544849772
8.51810994017
0.536680964551
6.91775697157
8.21267537879
9.88260196962
3.83027450007
6.84549817053
9.64817982351
5.23065960733
8.04242081803
0.952475522272
3.75687975977
8.72030139236
1.55742096491
4.64509632747
8.13264021842
3.18214184337
1.83324926029
9.23968409468
1.43295542643
0.0861358384325
0.793583342231
4.33326988617
1.10852136598
6.79371630878
0.349747814299
0.228416460458
4.74399173719
3.23000980196
7.26149126604
6.73192358381
0.504158318881
4.1885990071
6.83274828789
3.12823074339
8.39278216648
0.654527931379
0.999513444952
9.61817803954
9.34433575152
0.395521678137
8.08487377994
7.68998904778
5.76124384106
3.98938566443
1.16190282926
0.0910025256911
7.94723907884
3.4714093778
3.87714587178
4.31111763299
1.94322111825
7.21013479835
5.53274962254
8.80942069113
7.04871260415
1.1253567857
6.26989337302
7.44480244736
3.47203145282
6.19277458717
7.44111653605
0.35973048726
7.32344662292
2.993705903
6.30670052267
0.679138530153
7.7355992882
7.52577209972
5.32527164805
2.43529958633
7.85915006969
2.2987346089
7.38297405765
4.98164190313
2.87315570306
6.08259043128
8.54146194328
3.57136863747
5.35218081561
3.65363154105
2.83477300652
7.56978717158
3.35924212558
1.59958033552
2.35812885984
7.28226505285
5.58966360331
9.10459493143
0.780357161844
4.50885419823
0.419672492921
2.37489133507
4.41508186808
4.89139959856
2.52900015019
9.10842543836
6.94265113924
2.24370132474
3.39606602245
8.07863810908
9.9919360675
6.59414746019
7.27256519099
9.31210533535
6.5715763084
0.352656984965
6.71665454563
4.53877112961
8.95986881529
4.94945021651
1.37625197278
0.378811394066
0.176082604187
3.79844026744
5.66352265587
8.76725800722
7.16507992129
0.731944449477
5.14859670794
5.40677894406
2.9692393289
9.50544232672
4.84979463111
9.83316984645
3.88981192414
8.29689759076
4.78927114365
8.56819039418
7.98952969821
9.03503024569
5.84203501518
1.40825309991
7.84745619808
1.32862882884
0.628534309511
0.141569345858
8.25843629455
4.33408414272
0.670806725046
8.36751987564
9.58264039067
0.755937613428
8.93542097551
0.24632153816
8.0737928046
0.365457023905
3.60048302496
0.977251229761
0.492735134575
3.1060448356
1.98301723986
8.1250706168
7.54139548594
2.21238080159
2.75350979033
8.73805153433
2.70594941594
5.08213872842
2.87385275604
4.49496501078
5.76885745822
6.33306123266
6.1579893436
3.28986749171
2.71835737704
9.08230350053
4.37005529546
0.482568194646
0.299985634218
2.35912451111
7.64427786383
1.81334597871
6.73922033936
8.34633415189
3.79269329854
2.60938215349
1.09067781383
5.08257121004
2.70406871722
5.83377448971
7.84106536468
6.36294268046
3.52782018276
2.15556269186
6.01221265599
3.54852762228
7.40536489547
7.57999269302
1.18802179204
0.666878850369
2.04045346752
7.45535239083
9.82148638877
7.09339551824
4.89222671633
1.22783728786
8.62789265679
9.0405229804
5.1117269672
6.17018095265
3.2263994258
8.56734712969
7.69045665093
9.23931091008
5.99707519448
3.66958992476
8.41052078469
0.80903531566
5.56110883922
7.28320510783
6.67489538179
4.35944496818
3.50878608858
5.98738893051
7.14343206362
2.44325542405
7.72189161991
4.37116307167
4.02005936154
8.47976770512
8.84769807867
6.95056003058
1.42995388076
7.34103073697
2.41600962713
8.79204632393
5.66679263117
8.96194469321
3.02159556508
4.07990649704
2.51308735733
4.37189048489
6.50816981425
7.82700293826
4.93104455932
2.84492270916
2.20553562296
3.93133070365
5.56145606564
5.34360431539
7.43817368799
5.62974787581
7.45368641129
1.65717852831
5.77204917068
9.88087856805
9.11717353107
1.02242938182
2.54295742759
2.11440650111
2.20917864652
6.42827293366
2.00145165314
4.23351940784
0.222655617076
4.96501417289
6.26879607081
9.67976919966
7.71371488377
4.30690909995
8.84316451207
8.53358791209
4.40012939482
2.22709015758
3.50533938755
4.11294210171
0.792904335701
8.70888302796
5.00715718299
5.7570257618
8.3126122252
2.22430189342
7.38102296669
1.46487756724
4.75131464655
0.895142228712
9.28106847401
5.43043392021
3.50556899546
8.03460825935
8.00096040049
2.13429309562
3.52763654343
9.98387155081
1.32859913585
9.06713296253
1.91761355898
7.26414639299
8.00462034121
9.46746712936
5.78078224047
5.38052697293
0.237573105221
8.04386751843
1.16071682728
6.04263782179
8.04790618367
7.39159294524
6.48303408768
8.45549818363
9.62523454758
5.97243296779
5.74777727551
3.0938769561
5.64362948698
9.45302160045
9.14360968034
0.268421072977
2.14159934622
6.04153882439
5.08945780988
2.8388806247
0.990056674309
7.65901211486
3.25907062723
7.44047713817
4.73084391854
9.84910717931
8.25555374492
7.44363447332
7.292766768
5.79651545984
0.405742882872
5.4650704021
2.60543068735
2.71927503674
7.50713329418
0.22899386566
8.8251802587
7.4009815959
6.67844734335
2.90239048678
