2.9760993544
2.12490882652
1.24132120183
0.00433383951378
2.79909532636
2.57888108192
0.213570882962
0.71105047638
2.2084452258
0.780848562618
0.503158851694
2.92405421375
1.17502143304
0.926679535789
0.688216169946
0.183526995239
1.40557131743
0.0712813079331
2.15448538076
1.10589847339
1.65386910662
2.54991841935
1.59215322431
2.98820018586
2.7659755359
1.6345356396
2.08806445874
2.49125673573
0.658953906702
1.31431475276
2.65285912749
0.149637763549
1.61059604099
0.763893653988
1.19503725516
0.697210768039
1.83688265981
2.48827269032
2.77407253095
0.446583484994
2.74154449228
2.31710575327
2.33979031608
2.34149034284
0.817359498855
0.953152984143
1.37473418901
0.249013348852
1.53872478688
1.94671798261
0.48738867887
0.17303307653
2.63637448169
1.58737288814
0.844327781611
2.34013435305
1.56866343881
1.44337870195
0.420232335694
0.716551014502
0.973748229924
2.0981672572
0.704835865277
1.30518699629
2.86252373369
2.88745638309
0.824387072475
2.29645825102
2.79723739453
1.57817869603
1.90350968936
1.45706547749
0.771846950185
1.41986988987
2.31866067916
2.258110467
0.769951964461
2.26750209258
1.09090411943
0.217438899081
2.42406096467
2.80948451272
0.278875344679
2.97347115998
1.11465732419
2.69440520358
1.96254512733
2.30681484581
0.507082886933
2.03248746631
1.49890774299
0.976879087541
0.475132948592
2.73458888457
1.95633987953
2.25077244558
2.03067553695
0.599774891511
2.90784204571
1.1978025297
1.05309217968
0.972982063125
2.54302428474
1.15090185322
1.45380600182
0.0837619031834
0.374940975521
0.148919960076
1.07792678951
2.34208873035
0.327461928865
2.47078642933
0.556024273511
0.777262750215
2.44618731031
0.0481502725239
0.0132945017858
2.60188715957
1.02680225766
2.39533902497
0.0423526583928
1.88582635057
2.29397920497
0.0231494184621
1.15674217307
0.818185964698
2.22101124483
2.79952315954
2.8102684365
0.0116612059758
0.199135675869
0.0635458536065
2.42843504967
1.90718816488
0.217682783792
1.98639542145
1.5462493058
0.945014945391
2.15343012122
2.58465576576
0.00459172712091
0.217032762283
0.488490732087
2.20742322649
0.919522533497
1.66910154087
2.77305015793
0.686903229358
1.22969948576
1.27901572832
2.2387904332
2.39410116829
2.11625797834
1.73169144671
2.96207614355
1.95994767652
0.463953867434
0.337017721824
1.7022123057
0.520556602905
0.402688308776
0.873055493389
0.92601104672
2.60139009819
0.23511220373
2.95368991495
2.03808778947
0.689508335009
1.11742850349
0.150528741657
1.04579316063
2.64450498246
2.4804176341
0.504020325725
1.21441888783
1.78097227527
1.80611146562
2.01196048729
2.54448723083
2.29568779147
