0.243239692233
8.69010560721
2.79393146782
1.14856654397
4.76182299437
5.85887819102
5.55276726902
4.53714462638
8.57354694429
2.82097729783
9.25639653256
3.39752565841
9.27823596714
0.746780822283
3.45209974295
2.01198787712
2.03938125353
8.48993097036
9.97396462175
4.99056034471
6.05899465979
1.04627229943
1.91044054807
2.04500310491
4.46998967729
6.6540653497
7.07529943019
8.21161059656
7.91663653193
1.84684768727
3.37655571397
4.50030814185
0.638350463634
0.600405222461
3.36941167911
4.63557262946
5.51946705732
9.14310768029
6.44974593576
0.829034365717
6.57809629061
9.76294984811
7.84778244677
1.06328600551
8.05935644878
3.47165531726
6.38964778513
9.09143497007
7.58921578388
4.25585166276
4.46398475079
0.908807269036
0.99810112844
3.14039168613
6.01616743256
3.47009734984
3.16617877679
3.79730656835
4.95777333729
0.209333129313
2.96541226965
6.68137633567
3.07759533375
8.76320945433
1.33237398151
1.96031884273
7.48327869439
1.43223769197
1.92259859628
5.47417208284
4.49209498461
4.14713625221
7.06445862529
9.12939760123
3.96793826463
5.24931974663
7.24365861718
3.03735285243
5.48293262219
6.36653094586
5.35136187535
6.50385528433
8.78972936509
1.56212915326
2.69043751769
1.07357059994
4.70650616333
5.18632695503
0.644793208582
2.8534821045
3.81256339051
5.15857353254
0.834498005265
8.79623948769
7.81456859838
4.54024223635
8.13726425431
7.05999856407
5.22007372699
1.11154244031
9.89655466338
1.27254611198
3.83408233813
9.78696484177
2.96558458131
9.49315082095
6.72530418517
7.47774794514
5.6368638807
9.78086247465
0.23978436195
4.41213831115
0.0949418316
2.60080964876
8.31793795936
4.97899210964
8.75533117046
3.33321634984
5.8545386778
5.74827561646
2.16925055862
2.79294780275
5.72102113434
4.75034180102
2.93503338356
2.52403408462
2.33711415072
4.78796765248
8.03658761961
8.26723263253
5.09395302653
3.39109851276
7.24725303721
2.32776060992
4.65571672495
1.28677865177
8.22812014066
9.7462190215
0.27384270092
7.17203515076
9.60332735254
5.35710049429
3.55813097131
0.530793179785
1.88292631027
0.208566215873
4.82088531536
3.19415499675
1.77027585018
2.84163290441
4.15294049006
5.27822225258
2.49686079888
4.75095247858
4.07074142731
6.62102973952
3.64649938681
3.77205997162
8.27647752018
4.01579561396
1.18510263945
9.24571997231
9.17336403719
8.37811522727
0.57247632245
1.87667967142
9.97001893599
3.59610249083
9.5118028972
7.64377383128
7.22007611189
3.4945016591
5.8401315457
1.21077400987
4.24241031774
0.209658884946
5.66696983635
4.85008415811
6.06959221037
6.12166175376
5.29647844545
3.69281620557
4.44456727278
8.25671630998
6.95299772622
0.42698924786
1.45520571055
1.54276594328
6.2606827578
8.16892295781
5.67932408835
6.64358332516
0.558122347389
6.20780404961
9.60762927608
2.63571366318
3.16175577476
6.73068139562
8.47710658676
8.65678332435
3.72327756946
7.10782589682
1.34124091015
4.56212833012
5.35452141915
7.93407100131
7.0797904996
4.69460221992
6.80298049384
0.391911378461
4.93846245621
9.49348850552
4.92086603173
6.86004597756
7.26277013897
0.0354867730209
5.41553561648
1.16340860084
8.51213729514
7.62664456404
3.67532360924
3.1530943802
9.97597072243
7.37527762298
1.73554342439
5.59181138634
2.95347795593
2.84709170276
4.38517302237
7.96422714734
3.678511337
3.41843763572
9.93476843385
6.39487976371
4.22650846777
4.83672126842
5.84721178999
9.61641202547
9.84556972959
5.51916337812
3.05256472363
2.15255607325
4.96825344748
6.64313169923
4.77032070489
9.57798128237
0.569108854911
3.54021238578
6.27766567527
4.78894961126
3.96715167961
3.67932046764
9.94171493442
7.78266268093
7.44530319648
2.98053868263
2.25439883855
3.66559177391
4.04151872278
0.551401465565
1.38591968606
7.44738928374
1.9487264158
2.02279445512
5.43803684873
0.0526871292554
6.06743145112
1.1061512859
3.68162144393
3.59999858601
9.63364028558
1.99750028433
3.9382650238
9.03118929403
4.69985229572
1.94853790086
8.53597021422
0.35213451152
0.300792852971
0.992478823157
7.63606123317
1.68582610153
0.506291880369
2.12033708166
2.72840153436
8.18690190462
0.0330441700194
2.21200921276
7.92572771494
6.24047640011
4.84308006776
2.7370993955
4.69830792717
9.05353351756
2.69489531519
9.49124684038
8.22218174773
1.71925760337
6.22976123709
5.20547252033
5.45674023654
5.75865577086
8.20816793851
0.696026439228
6.2078295347
3.6853812581
3.92455478005
5.67411082763
7.42046490935
2.02904743741
4.35133052603
1.69766460768
7.48414064029
3.92339910969
4.46658363017
8.30133579006
8.586123944
6.89562147316
3.46813191342
5.53508357892
7.80636839973
0.100896031691
6.97059717249
7.485001042
7.44924073529
9.42982572968
3.77421982235
5.16190520917
8.44502497997
3.09790255547
6.61035957903
8.88808718281
8.47182815405
9.58020328929
5.40713082765
9.69252333156
5.21312011457
1.86261007197
9.19982079864
4.24570235872
8.70267802748
9.17258998785
6.57846490731
7.06716418895
1.51847758841
7.38501848575
3.85644147725
3.48842010806
9.63631541664
3.44181911001
9.57994269287
9.39987303877
5.12071652346
1.93865748081
7.91840477309
2.52485031804
3.56074755156
0.436326970272
6.72286334672
0.717918970544
1.32914173463
0.610870804029
3.32120477909
2.11148519634
4.63652727546
5.79599726402
5.69175858819
4.3489898265
2.08521914495
3.07560800682
0.57428274986
4.37523234423
9.35563133277
2.99627247884
7.05528383385
4.122904125
2.3762774019
9.16135043182
2.82706706917
1.8801530798
1.97329207465
3.05898510956
5.64110024264
3.96464176709
3.9886765121
5.1949908481
8.75690482812
6.03312472795
3.76621660709
5.8797477212
7.55849069587
4.52248751919
3.21816810452
5.00952288291
1.96942196604
1.47911526082
6.24182584014
9.85803408259
4.83530380126
3.22349435286
5.42541410618
5.90212988189
0.592418944307
2.81375294419
6.2932152439
5.98157862321
5.90899349574
2.92707818155
2.68590968851
8.04951942794
6.73896889842
6.27804986359
5.55778894439
0.792983773478
0.281025102723
8.23351796686
0.00656466340095
7.15159123985
6.91989671857
7.36038378736
2.71982682605
1.29946023141
5.40389458
3.42495414211
6.54634639832
8.50998676867
9.6535331412
6.06534472337
0.647819684189
4.83011659672
6.57494563311
3.28097898085
9.54226782289
5.27480308045
7.89820821794
8.68116357763
6.39807778945
2.96422322963
5.26402382986
5.84747280614
6.47100587841
8.9926541398
4.38802685651
9.05364419783
2.38121939116
2.761959711
2.62727227015
3.15559619676
5.02745146588
9.95760585701
2.68994502831
1.41430817581
1.74451333577
6.77963402466
9.93188881261
2.34468794685
4.21259869733
2.24085572723
7.2800005125
0.101494884052
3.50966103195
5.81031915039
3.69798252984
8.95573194754
9.55953064321
6.44175066364
4.11967617347
7.51152291451
9.80406627266
2.50908735305
8.89107373551
9.57876265105
7.54249177082
8.66189677431
0.50454309341
4.3562358475
7.69429439143
0.222995056756
5.47969515443
1.65605521964
6.60624108474
2.95491754213
4.10782567009
0.523195069305
6.11184721515
1.2797387068
9.15648694595
6.74653965672
2.79774402719
5.63792132053
3.00811932734
6.76042173493
8.86023431485
1.06663384261
6.80304339166
0.681956177806
6.40267498221
2.38977109235
5.83493541736
8.04139755729
6.75489950381
0.823781589027
9.79471986391
6.24776512979
6.38278745653
0.688520836085
2.5492678786
4.72819646191
9.53538835423
2.23622870938
6.41219757484
8.87287139456
2.50098298961
1.25684349833
1.68181712368
5.2108472654
8.57480991758
2.99039783292
9.04538284441
9.99432735826
7.52125114429
5.15338737219
7.97182342486
1.22492592255
6.27052770677
3.19977539751
0.920563778467
9.04365730868
4.39937753136
0.589332924329
5.0059057276
1.82721876208
6.49605635336
5.80970063302
7.76188199
8.06736162139
9.63042785013
6.95531388569
7.84415514952
6.58029407088
6.88657014381
4.18602827449
6.11565647433
2.31979502931
8.4258409358
8.35919474296
3.74414890103
6.62221800361
5.14628376026
0.605685415668
6.93538407559
1.45967246903
4.42937151967
7.77065163695
8.75718949426
1.96089134023
4.55139987675
4.37399362956
8.21355717793
9.32150511843
6.10457594938
1.66406393682
3.21476179058
9.42412175427
2.35944781476
5.65720141372
2.46177616964
7.16122521099
8.60679380219
4.50340604323
3.19178847525
8.57824309684
1.95846196733
5.22053149441
6.7390227154
3.93958298609
3.00301055539
5.32841590375
5.68088702614
9.05684397484
5.57700658418
7.31538642621
1.08031539228
9.97565429834
7.42799870283
8.77740841399
9.91146556945
0.778789434694
8.67581710993
4.37065917874
9.60657512044
0.00850407232331
3.76005035336
3.20329930438
2.13050506656
8.85345726077
1.87067726004
8.9846057397
5.3916062626
7.66978538206
9.86036040006
3.86219471372
3.09194242937
8.81865150155
2.8349327781
8.83590974929
6.61447912325
7.29832007135
1.59081075264
6.46945604822
5.70741031481
7.0100502085
2.97608088498
5.48832150457
7.16686760695
1.89852818097
2.45296534883
9.33313498009
2.4522741387
2.4435947621
2.16010130726
7.36029650331
3.43281044574
3.73719168931
4.94501118883
7.15583993424
1.21062088046
9.01423690535
9.4571453348
3.63511798275
4.25747559963
2.85278224096
4.40872310193
3.23996025988
5.95410591759
6.53234573263
3.77952134875
7.42357707637
9.76557532239
7.13528566077
8.09829102447
7.18270670295
9.81184382281
5.48707992141
6.62198748112
5.79061784791
3.01059253294
6.74403662007
5.2727628009
0.803412967015
6.52078591368
5.36742914413
3.4302609221
4.94036234193
1.73113457113
0.0282310224822
1.95606259772
7.06079575618
9.65539981889
2.66232012099
2.78085588601
0.439457018667
0.0748647540058
7.67478313088
0.669413000906
2.15846500356
8.57508556647
0.666377191955
5.56860523055
2.76562956785
7.87805011642
5.9097411209
3.41374668577
9.04719573861
5.92488965909
2.09267895443
1.25968577083
0.0575637795737
7.97929320751
9.76650591608
2.40157422065
8.32537021676
7.54824617567
2.11974831536
4.54405243822
4.23691838946
9.75456163122
9.05108487643
6.26100507957
6.26956550158
7.81308521126
5.01504899844
1.84480740914
3.07165161399
1.09997878892
8.68210816988
8.05495116276
7.44096751245
7.33055657574
0.728613151581
9.11117206504
2.66573808299
4.96378902481
1.34534617006
8.35527907884
8.89891610891
4.46815058965
4.9496930293
7.01039233815
4.72651542038
4.23534480736
5.72814581346
7.04695546348
4.01882373926
2.22576062868
0.295744802783
2.48876504268
6.38528253224
9.66704477258
3.85529922739
9.32074771344
7.95496788754
5.63291211243
5.00778412999
9.65976919366
7.84589594145
1.19866218648
5.22449072218
5.20534639722
9.55017303541
0.621514902946
7.70561726593
2.57098417422
7.1732465709
9.03523734095
0.475071307719
1.69234400256
0.211309879636
2.62555983579
0.343141634371
9.3210323106
6.30738865957
2.19140281045
8.41999361196
6.97227966115
7.97660932495
8.26655526566
8.2526183524
4.69142789339
7.1270445669
2.99372828789
4.28178628053
8.05171516399
6.63274628248
1.62906795997
8.21434412521
4.9620936533
7.38358131867
6.34989441002
9.50331150695
2.94257871949
9.23906839484
2.19079946173
0.242736112193
1.03807722873
1.9414377422
4.50813298944
1.82301190559
6.25473708276
5.37930292363
4.92890940483
5.36117485819
7.16142882606
7.08381384737
9.87030060759
1.38336759911
7.0515779854
8.69711507049
7.22931698215
2.31847775797
9.06072344301
6.3005758563
9.39960456252
6.85440226251
7.75828057621
7.36957346919
9.21112478035
6.31314802121
7.77254382459
5.29679826994
7.55576151331
4.85615017065
3.50813068736
5.890175888
5.74596365602
3.70394004841
3.76654541102
8.49972286549
6.66829066225
0.531982612141
5.3764273371
8.85164960881
9.54071012337
9.6946986663
3.07665744726
9.09803515373
3.57518459508
1.53981997037
9.87903777469
8.72984427813
5.53026047553
4.48417705036
2.4125701385
5.14745586724
0.262305685713
6.32555459919
5.04354510526
3.61453302547
1.85240622973
6.5334815515
1.10037489735
1.35376126604
8.03040505777
4.33819910838
2.44713217203
7.59865693923
8.71531482063
3.48699652222
2.93689066194
1.23371850022
5.36302207436
3.08716304747
6.98011398306
6.5463336484
4.51042302249
6.98677040336
2.30918813301
8.98102497348
9.50160819456
2.57985203313
4.41788753644
7.92169438544
7.3005870468
3.51764228576
2.27288797346
0.234498803254
8.74314776533
5.37269865104
0.407037945291
9.65985472164
3.11617777775
0.620929972265
2.15742840528
0.374976775012
8.04518564078
1.53484189499
8.41326518492
0.948927546641
1.99444771196
1.85704518956
6.79685404599
5.6266673392
7.51711397571
1.75699856526
2.57434703938
5.84289686439
9.37917400311
8.32329763436
1.53169839814
7.37897359049
7.92360656747
0.235855305628
5.16644548189
9.30267986758
5.19337286792
6.95935728747
3.34307390952
9.38845446301
2.62487363852
9.24155151266
5.53645153236
7.16576486773
0.471068205513
2.37101617677
1.71093100441
2.64591506713
6.68206511011
2.58642387702
0.233587407715
3.87707137476
2.53300184017
8.07907177311
4.40929856913
5.36490431767
8.11256408426
8.26408496837
6.43521023031
4.33083659301
4.68548517016
5.01105936942
4.65235569753
1.87711917475
7.89741162966
5.80373965161
4.43475859369
7.8763603705
8.63711724521
1.96305998197
3.90170060362
6.40606659777
4.99147110405
7.53739362263
5.02007512165
6.26785901679
3.18343033187
3.07366282928
5.44672414606
0.51428179912
4.00249189004
1.93924585179
0.380438853508
7.43380247583
3.13473782053
1.22418953777
3.68058484062
6.91865075288
3.93712151053
1.3350918119
0.489236429225
3.24494756009
6.45871420049
5.04703838985
4.77611118306
0.957073704339
6.67558052323
9.61655676665
3.29580915379
9.16372957229
1.63355270998
6.82402085081
6.68524305335
6.03010449648
6.12392218048
4.5863627174
1.56486113923
7.34699926882
6.91033493102
0.596399111889
8.73877348896
3.12993006489
4.25486198031
6.80005520094
1.90115576456
9.66893172329
1.97989560104
0.673866619433
2.60900236954
6.96126120063
5.72726423329
7.03607988011
5.64764969222
3.30448633831
0.889441465592
3.7434548083
5.89209435195
1.10193802848
5.8987281507
5.75521361995
9.31099332735
1.0162171581
2.28452218275
6.38400428548
7.59950207917
8.04987439986
6.18271051178
7.47887564345
5.92446737221
1.96654692494
8.57289230124
3.08475348982
6.14841299371
5.6920392528
7.65196145613
0.717947331042
8.43843268456
3.93137363768
0.755564939667
4.15082798833
5.13031366076
7.33788843415
9.92985896882
7.95635209545
1.64152924148
3.84353392448
3.6799915025
4.97039303022
5.31721051099
8.93269437159
7.58667356319
0.649881068516
9.95854437575
9.41837329509
6.84646666465
8.39342426653
7.97476121719
4.01117194045
2.60538099306
8.39909279788
0.0701355303817
1.73074222742
1.15544801322
2.33304616903
7.6406135213
1.06062851796
8.07387821244
2.77751901116
7.81891098104
6.2170953454
0.910909943169
2.53366706993
6.66110915731
0.825257814833
2.85895639465
7.37638660469
5.84633420676
0.604051246018
9.80450253711
9.6595697289
8.23693533692
8.93420909012
5.64798236131
5.00855438745
3.21178627386
1.51495701969
9.54545321081
9.46536185589
9.47769344422
5.0689690154
3.75664653082
3.78681704526
4.36738024836
7.0569558219
8.55998125407
7.43295042726
8.59739186215
8.03294434072
3.23457419526
0.747782302168
1.52840524823
1.38949584587
7.50339921035
6.60714852914
9.0278090112
9.4366492857
5.66167341098
6.34842740026
2.37715078408
0.474946319305
9.30256042521
4.76854464247
9.55987138459
4.102145376
2.93039441928
4.64743109878
0.125536375087
4.59225938208
8.08637216573
4.30648513337
5.62121169042
8.96772499204
0.0435811871082
6.27240137143
6.12826808856
1.40149578265
1.97837950877
0.492156601181
1.53201747106
2.96369510766
6.95837213821
9.47958705849
0.115746563112
3.76808334951
9.91481893465
8.15969273779
5.7546938668
3.50583245938
8.60793636186
8.63457964272
8.95393945515
3.51406044412
8.53861723176
7.54729311591
1.61779376919
1.12123084657
5.85084542254
2.57254227533
7.13232548984
4.84827947258
0.938173383033
3.84936519133
4.3894076542
5.99687891929
2.30624296481
7.34644606698
5.50811197117
3.71525881203
2.56488521422
7.71031853101
2.20189660117
4.99387614633
9.81519266944
4.4857146544
7.6356620537
8.92421924331
4.03326449058
0.585877371386
5.93428007279
4.96991743271
2.13573175081
4.86490963283
7.07379565004
0.810230259766
0.462608111934
6.23790091841
8.36049842882
3.22019817689
6.95444571829
3.55913317043
5.20519634799
2.42416107524
9.15421417765
8.05791732249
8.35599017601
5.5780569341
9.96172763441
8.87402525574
2.0362206658
1.30106639309
6.51689783083
9.71129929011
5.86909698865
4.19335303707
1.88665743998
4.1178983081
6.56914794573
6.13461748735
4.05303680271
8.61036536968
9.13702865935
3.64811321799
4.30384323414
1.77828147912
3.79282938752
1.69779404087
0.939603973695
7.43427774264
1.89748474693
8.19133891394
2.98071316354
1.61488645569
0.303351116081
5.86782362292
9.6822736281
8.16996538955
0.769981785009
1.60127607181
6.32777998731
4.18083110664
4.52284530825
8.00329118315
8.15304570472
0.739906879412
2.93333866013
5.18427083575
7.76530515032
9.574771668
1.86508114027
5.92789761716
1.03249862998
5.42180465568
4.52609217215
7.3628407402
5.1314416842
2.69244032376
0.505569071107
8.0429694086
3.66526824914
1.42233744801
7.49660229238
6.83730409721
6.69960518161
0.988398497097
3.03871199694
6.20926098838
4.86918459066
7.76682386408
2.55801807039
3.46801735168
1.48350955448
6.7127098041
1.09249640219
8.75893195873
7.76823587967
4.58167705375
3.73782610918
9.6003153474
6.73951462635
4.61976823337
6.98272361019
7.87114510511
3.19088580597
4.73221604667
8.75376546469
4.99974571675
8.41645472191
4.81274644355
2.64345583544
7.29131465408
4.17957454819
7.84545875058
7.35087171469
1.92054440935
1.95511924022
1.56224548755
8.54988983315
9.98143584783
9.93172413534
0.293679891562
9.55226990869
6.26578229125
9.78804940344
1.38834551207
3.23158404818
9.58396689209
9.31241834588
0.409114211595
9.47679696634
9.79537989845
4.90791744151
0.817719257525
3.30117879381
6.91802762342
8.48599262507
7.25078642217
8.38402871358
5.98237870467
1.81251314176
6.85524953528
8.59926486689
5.40396432525
3.25961580896
0.759339400786
8.15965283315
0.37286121503
5.40874897433
5.75806864918
2.01908611604
1.89714368905
0.447157623583
1.27152154177
5.73590142898
8.26812197636
1.64947500864
6.43629652707
8.59444109551
9.91928581345
6.80830767312
0.610347922839
0.432176768705
8.70158907334
5.13700988377
4.37566213969
1.48400715082
3.52202855336
9.20741537276
1.96508489866
3.4749487092
0.871308054716
2.25207548214
8.56268841153
9.00599764605
2.8398166433
3.28759353073
7.4836586449
1.16273010213
3.6006231565
8.72453195177
8.65860355173
4.59142895318
9.16574707142
9.72337463317
0.957433748941
6.81011619347
6.86714014661
6.32507873941
1.12935330759
2.52546704733
1.34160948502
4.08021303371
2.13437580562
2.07685282262
5.78170519772
0.927433477821
2.94328515806
7.29471624308
8.64597149193
9.73229954326
3.86850636406
0.855334995165
2.36372217507
2.07518788998
8.90299254809
2.89068036076
5.28359761191
4.98723078888
7.47867750255
6.33877095148
4.70079998109
5.2975387369
5.88230749394
4.75129402356
7.34568927561
3.43932056019
8.9456338484
3.91630730401
1.72768373783
7.19817199832
2.99364531487
8.64717024947
8.28733311807
4.98170601077
6.70752016886
3.93461436642
4.89289070924
0.689971700849
9.11762528047
5.14951199147
3.27844602666
3.40713823959
9.17916121616
2.72606556433
3.77430782151
5.2128419513
1.31283595739
5.59079613196
7.52618833987
1.39895849369
8.23842535312
0.272641081107
8.95255884997
3.32688988509
8.78154684954
9.27949707204
3.45650948157
8.18591668
5.70412678952
1.51486494103
2.10772511753
0.480220955959
0.907027643827
1.57273402853
9.4026983881
1.59657157136
0.601470199151
7.74751446164
7.40967417812
9.42606385834
0.738021928171
6.11764138685
6.94476263755
6.15286831603
7.23112476653
2.44503304713
9.61131798885
7.04336385214
3.30409717801
5.71345551143
7.34265765199
8.93884722301
0.408262738148
8.24170281961
9.13545091866
3.58410216896
7.41735525815
2.3861947698
4.11606417414
6.40813189336
0.374348747551
9.62983361627
7.31693965231
1.72108958075
7.46987440302
9.79320769221
6.20967056724
2.98982091539
4.33660531192
4.91461401117
5.12883135655
5.1389187238
6.92203534943
4.7608366789
2.27104353608
1.14219693676
7.68960808788
9.2696123814
5.83682645937
1.06841623721
6.90429478475
7.71263832845
8.4596545365
0.971728595013
7.87108211708
0.658271285618
0.226962774888
3.51595433842
6.61702859086
5.66307612085
2.49210782807
5.72024538118
6.83401713512
4.69067205451
8.63042458205
4.56841616422
4.04184334427
2.77484814997
7.03191143199
2.53404034447
9.79784642985
5.53530375935
0.324146642185
6.33176260391
7.18830685374
3.68589937717
2.34937912171
2.76331786622
1.30844391745
9.97749882452
7.60355796104
3.07011868753
0.858473392874
8.2103178594
0.0364341972912
7.58270352798
7.40712752038
6.33380966036
2.26856488094
3.96296669152
4.04916823043
2.30409151364
9.24672113858
8.43095854557
3.36722011191
8.25932344812
9.51631009014
0.743354124152
3.18174107447
1.99197302875
9.37061333329
6.32142794954
3.73353845132
6.0979005226
0.990768796258
8.65125266441
2.80343682539
8.09797843839
4.35398112728
9.57079223916
5.92568708746
8.78392906312
5.64686686136
0.748140117255
5.16801960385
7.85414770232
9.5405618635
9.14342515043
6.06709297053
8.2097580949
6.38594125765
3.07900163168
1.36855064204
2.88172342474
2.30138655316
5.99813148239
5.58091809548
5.6125766046
7.05575281614
1.82311019061
1.54734638626
0.690353866574
4.04699473152
6.60012031042
1.43774371223
0.182956348506
3.21649023551
4.94976530692
5.89874828108
7.90819452943
0.674604072388
9.97274364545
8.64756585071
3.53453102914
3.56694946002
9.91833840713
4.25136999642
1.15236180367
9.77281036541
4.66612826163
8.33462296169
5.65054548875
8.14274821459
2.90306681389
5.70194724664
8.17010696244
5.89954620593
6.34110980023
1.9312457022
7.26642394857
9.79096580313
4.89922850825
7.72779731559
4.72106903941
4.64169046217
7.35495688037
2.90631530938
9.3802057507
2.01794822482
6.02485032009
6.60680083176
0.0488882680762
3.39711126143
4.87333017735
0.126690000697
8.02434287968
7.09649874277
7.01665173717
0.448071419567
7.54953085865
2.24681996368
5.23189709655
0.628807260901
5.50584226124
4.18364690322
5.62081242818
6.60076497808
6.79714650684
4.53521585322
0.969167387691
0.141527854255
4.57039308952
6.69747643428
2.89559346908
1.85843168525
1.0538490949
8.74360502074
4.78262620568
2.28058989612
2.13053578138
3.47996024195
1.29650203784
9.2143818829
4.6595133484
8.63972981798
6.60457445687
3.23328311628
3.06528713157
3.79874584706
4.68206815592
1.2258301272
0.733380229824
3.92748638171
8.79177586362
9.75091215318
6.29149268373
5.30395319489
1.15909668754
2.49764568649
0.7223227654
4.7573562008
1.05945964936
8.20138558417
7.30551774438
8.85828654343
5.86885771945
8.43310390799
2.80647268273
7.23846602704
3.15221128154
0.499843030801
6.21282770867
6.54340103342
0.715449466305
4.26590711421
4.06597695915
2.83422880395
0.28628555687
2.77467746279
4.10562551409
9.91416345906
5.16099545915
4.32071627352
4.65624948817
0.471808575508
6.38532224802
1.14224382881
7.75914726031
8.80234648438
0.758454534274
4.5246122541
4.95770511807
9.58439218983
4.59189866867
6.05305736733
6.52795321604
8.24491468827
4.16426437633
1.84136622895
5.69292883431
0.406075956413
1.77417848691
3.45543312036
4.71265416704
5.77479267213
3.85683235207
0.638343806377
5.99812968166
4.13162239986
4.2737414414
1.8318981155
5.2892002554
6.45192673011
3.50633888186
4.68891293567
8.18246456286
8.93593173509
2.99106100766
3.77365147965
9.48856399914
4.26795866176
3.34021534187
1.27691263008
0.549994466049
3.0294577218
1.68652989728
5.55455349366
5.29589265848
7.05412841761
4.14564792806
5.27012472537
2.32259373062
6.69343465873
9.49841645348
4.33952918324
3.37309819119
7.24720555628
8.709218649
8.03186070348
3.80386837923
0.837012052986
4.89702949128
2.95112151029
9.75814350658
9.81910614945
1.84078871542
4.94941690639
6.29828434459
1.9345001612
8.34045844924
6.14225294941
4.04478529946
9.36249467157
2.86545712393
7.37051528783
4.8833611337
5.21244231306
0.189451904561
6.99532142523
7.34990707419
1.80176574994
7.32231211182
8.25762512496
4.49596863867
8.66933067471
7.3283353356
9.54812565738
5.07837739277
0.571327904497
0.0869145886064
7.13082186011
1.09519050591
8.00257333081
5.99681989397
6.95605836548
4.69939458368
8.04147291741
3.4188946366
9.48224618924
2.66968516406
5.4737579085
3.48049925639
6.7629550277
4.16736967575
0.188481815713
2.65448510651
6.54812396687
3.04656721903
2.84204707978
8.60218326821
2.47087088296
8.6644140773
0.381712094406
8.35169126784
8.00185209387
4.89156130534
9.77714321578
8.22054523181
1.86165733827
3.4173458503
3.51427489687
9.65397599043
6.91695475822
7.55040317682
2.45583981541
7.39843147374
3.60086287052
0.714196019336
8.76549977971
1.2437766244
3.62610411642
4.59618182262
8.43561142537
8.6508812147
6.95968093401
6.94955887971
4.17733710128
9.21320274904
8.39994966145
4.13010416558
6.83138671097
4.42147500849
8.60823548066
3.75824260225
7.20092620679
9.69159583106
9.64395431117
2.31950063964
8.93880743184
4.62324233656
1.54014563333
4.25310595095
2.95202408024
