2.46778094803
8.46094911033
6.18313354794
8.15348123214
0.886707373199
9.90989222055
6.49748028324
3.99631663376
9.98895508692
3.32700183357
4.56306906753
2.63586329781
3.90935823897
1.53051221042
9.9015179008
2.79632349647
8.1269140486
1.36170078158
7.83172555248
0.360756600446
8.32748111413
0.487667433577
3.97307922267
2.36303563339
1.35461089372
4.88382660563
0.644357376573
3.96788443681
9.62272970533
8.1104555646
4.67389396293
7.37024150194
9.70096179295
2.55007182486
1.15644330145
3.2345037928
2.67937002807
7.36148294932
6.35282074612
0.165236812138
4.11749902343
4.02733273683
7.51771130434
2.13354036313
3.1731132856
2.37270306258
7.63366521145
4.76689975128
9.71386366654
8.47333422877
3.92238888305
8.56961074163
6.19917511847
5.6240391558
1.02502332793
8.29135763475
8.61081407257
8.28120832577
2.46570850502
4.75782559445
7.79658718956
1.07395308431
5.35929587857
6.9641523718
4.3923492366
1.55635756031
0.332027680933
3.61124433682
8.06936020831
2.88021398574
3.3582005685
9.78890301515
8.70304931142
3.5431769008
9.87137585025
5.88339401453
9.68922485223
0.888326143858
5.32288502229
0.966205967457
1.54290159123
5.66397525065
1.39559175579
1.37824650693
8.4946877289
7.72626483569
2.64384073132
0.574336168502
2.83825124263
2.64406958504
8.56267255847
9.04178792688
3.05778199442
8.91739208638
4.57241990221
5.8459334505
8.7256153205
8.49670924319
4.22360177062
6.01008526319
6.5526775302
2.8265177643
4.65564934273
3.58701141923
8.78151909541
2.22156875272
7.38483499721
8.20383483775
8.56955442996
8.54356696805
5.57133223366
5.75132810847
1.56133531536
2.73004214491
7.13581055643
6.46708343668
6.44737613133
4.9151665874
2.11277989646
0.576066205218
1.36205061819
7.67854946428
8.20574768707
3.78309331579
0.176721380669
0.428621985309
1.11123919345
8.30248662584
8.12407733364
3.80976232158
9.34823599403
0.0548950481015
1.41986511354
5.02645276409
2.56863430809
2.10407453577
6.52437780416
7.49050595512
9.25429790413
6.57291538155
6.48069533794
8.21093602035
3.07877821293
4.01497776413
3.03264257812
3.60852217903
3.1582300982
3.68257964007
8.81355189879
0.101670232298
3.08718367697
4.74899780945
4.78053027387
6.81898615543
3.22621742428
0.122268724861
6.2525699417
6.61223370238
8.05305978881
4.90208963983
1.10824146596
1.11386416444
7.50493341517
9.8867313754
1.09352132759
9.81783347565
0.877692248512
2.77842585482
6.55044411815
2.29542879051
2.00972711381
9.94325824197
6.49448113053
2.4447489076
9.44585918521
9.01408821196
5.4842729199
2.3285549306
8.99269620052
3.62638162238
9.56896163598
2.12982699758
1.68777529087
9.58888818342
4.39645917234
8.1926003626
1.83763770783
9.35232299384
1.00248279244
8.41679276983
6.62893996969
9.06021593334
6.45457620903
7.07165764027
5.55217069845
6.83020771643
6.73171741815
6.03255079086
2.99449713009
9.87665950981
0.0535265386457
8.90780917019
9.11524545102
9.30204378857
1.3567789466
1.00752098299
6.79936448159
3.82899771824
1.58417653864
6.15987508932
2.39604577776
9.30651926611
1.03045258001
2.06060700261
6.16504109815
2.24635644047
8.61378875449
8.62351712281
3.5425837671
3.11705471597
5.38499124439
1.65629222498
9.69998519518
6.11882199129
7.2709481258
5.03148729866
0.619785274872
9.60836662515
8.0006432587
1.44094439134
2.08009410396
8.88658189229
6.18506118366
3.63591730607
0.135037189436
7.74253898582
3.08471435098
2.12318879404
7.89338475166
3.36429194643
1.6192855468
6.50922838841
5.53956806717
9.29489422866
6.05233602918
5.44556715383
9.83151100496
9.73342521866
5.05992793142
8.39670582193
4.93316753478
4.55379231101
7.74278660811
0.784407654161
1.81430480431
7.3451054815
4.76498344631
5.23717932979
5.83244866528
4.39754916489
2.6174782528
9.58472707763
9.86045979166
5.45866045345
2.27759734315
9.48615267415
0.667231330348
6.90266306082
6.05722931308
6.82399940345
1.01132959956
7.27054020195
8.01491690938
0.0856608059392
2.6808871123
9.05691947023
0.804382320033
4.54491899414
1.07955529554
9.00944751187
2.48091125468
7.58794370612
8.57344242214
5.12471077972
3.75430474885
8.83856218858
2.0697276939
9.35720817947
8.97777161348
5.37446039422
5.36675996355
4.05760835161
8.32634222724
4.88983712411
6.52855782415
1.63799399432
0.449856972879
3.35792858647
2.66993090546
6.91212545306
1.25768641391
3.1309355634
6.2166836742
8.45099864418
9.81434708689
4.48201674965
7.82371104598
9.12643955867
6.31068501538
3.24388056522
8.13223651223
0.206902672268
4.77385713113
9.73900456761
5.27586517786
0.944379931656
1.77107100779
9.34219525364
3.88311957677
7.07557156061
4.30775129587
7.98483331991
0.66796191328
5.26179692917
3.10179721728
1.92948679498
9.61242392682
6.83251001747
1.47668963538
2.38513336642
8.82190467063
9.52993134638
3.53950998775
2.41770209064
0.0295029851639
4.45684822457
6.9779425987
6.60777514594
5.22029609797
9.70527243123
8.11501442447
3.38357148717
1.54358145055
0.220975615301
9.83206260968
7.77626465449
6.9899708312
4.34032789423
1.72390280042
5.57810660338
3.84804415356
9.89622648033
6.78230484918
3.71500130735
7.81947342679
4.21322803361
9.50222842607
3.98030534558
3.13418908764
7.64185154788
8.01322282433
7.84473387391
9.88719569907
6.12947079075
1.11663455895
5.8091988889
2.51293997974
8.7077503308
5.0287588971
5.86664628401
4.25260326902
3.20482625652
5.9867164353
7.71943867117
1.89424691028
1.83127813267
3.42322695416
7.97387469997
1.45501666237
6.18095154979
1.34866854681
5.31214452039
0.585519052172
5.14609699708
2.99516344006
5.2426395814
3.78533040832
6.2819040668
4.01911890751
1.16838963171
5.37192660258
2.19942758311
9.16423982923
2.47531598024
5.73709802823
1.90026227856
0.0189475219406
2.11005779201
6.94061847028
5.7538176088
0.464547533428
0.857367580274
1.49541082543
5.16172305029
0.24036139278
8.59394331324
6.83128704628
2.43931097478
4.69498718692
4.53848488225
2.50022225235
0.176904591631
2.54158625978
5.30740377299
4.05349392078
7.96612009535
4.42593861379
6.99150978099
2.43042294513
4.81630426378
9.78313019569
6.50577716695
2.26657493012
3.57282757951
7.11572966028
0.295868618467
0.117544330084
9.33012852895
6.15352211479
1.29278956789
8.82221587721
5.7388845894
0.468329956976
8.3737890171
5.59998894931
8.73044580847
9.97928365642
6.62028406072
4.07761485381
3.03671341889
0.645259006605
5.64002921098
5.53096960261
9.11570344147
9.04445576398
6.58931068364
4.61419044785
8.3890984465
5.7381286339
6.33879294907
0.215766239887
2.12715708993
3.85780885245
2.2906676031
2.56403718952
0.0849798048894
3.98583889191
6.08267360951
9.45884912014
6.9299623309
0.913182471409
5.72065043582
5.28471862862
8.42325410188
7.98796858422
7.9838890089
9.03402231374
3.14996769395
2.07044475759
1.99688513583
9.93786493452
4.3456895173
0.796921180287
3.45499596283
2.19945075
3.07192968575
5.25676883703
6.86758977712
4.3649594933
5.69188952161
6.35457825736
8.01764107381
0.266085656875
3.50248044693
9.68947294294
3.36301119449
0.857149373588
0.356462959577
5.43397237225
1.74323598253
2.84928959907
4.57236218176
1.57297919845
6.72138969987
4.61208346193
4.16203807476
3.14651049609
2.969860982
7.34842812684
6.86901769974
7.18402435053
0.360398007326
8.20411524265
7.53714422056
3.98926226874
0.863155278253
2.70813109558
7.84315060198
9.94630605409
3.73738198314
7.4410380522
7.32910822578
6.31740173485
0.662915903505
6.302240681
9.38701917206
8.29782210393
1.29291514484
8.70096354149
6.34252949811
6.36191005568
4.25483651947
5.95508161925
8.08444912298
5.07858301225
3.31882729065
7.71497547381
0.21948681288
3.14686743694
8.13677420143
5.65993958233
9.98649646085
4.87920385085
5.21092276061
5.69996352656
5.90710096301
1.04531041881
3.98846663063
0.0175575852998
0.166086229929
8.66458776815
7.54696386797
9.24776562471
1.02904844786
4.45444108166
1.5366118215
2.4634687851
8.3973326653
1.39254460714
9.61149839875
1.0345117121
0.122915498177
8.6844629885
1.97977589572
2.67386032661
8.69268855738
6.28657982872
7.18122304091
5.37728274443
8.79417543938
3.32627233483
0.156909453145
1.17282874658
5.80765503654
1.42671507774
7.52279167465
0.966668587941
5.11918954466
6.70166237344
6.62061931698
8.55295464902
2.85967905572
5.6940737128
1.82007176073
3.74397766154
1.02734471202
4.44971482479
6.74629973816
4.9850826763
1.1770857141
1.68090334503
8.73628919825
6.72725776588
4.26239103866
6.78032722491
8.88672510406
9.00851117679
0.0372836998774
5.47569311014
3.61272976356
2.38378946533
6.14910469361
6.90625712651
3.88497489611
2.66312835443
0.880967380463
7.08668549141
5.12249627923
2.02092546758
3.34410665211
3.04240906427
7.48533757623
6.48753272678
7.49360710456
5.88049046393
0.822476408024
4.37758775666
6.65556410322
9.07295857136
4.16704024608
6.49496707169
1.1062055228
3.27941079732
4.52630199904
1.24950559787
3.39153585407
6.91584624084
0.289659770233
7.08123924259
8.39273707687
6.18817322406
3.60141941175
3.28694580907
8.04155814852
6.56646101683
7.52996598758
0.24641981779
3.92368202463
4.0763996038
7.78187550461
5.16396661101
3.92914067587
1.20282374559
4.43852261675
6.45532942697
7.4825193576
3.05873816888
6.84794004588
4.60002369429
4.42183126477
3.17500421694
3.94134894055
7.66884309872
0.486026079
2.27223487111
3.5020425893
9.24668540091
2.41370768996
7.01637110392
7.54157269258
6.0411418625
3.48158374817
7.8862471123
0.391525976161
8.75936259242
9.90718415827
8.30564450992
1.75000789804
3.13065670481
7.29749802538
1.83552609414
6.51351679911
5.70495502911
2.79129207049
0.616072183041
5.03417047931
0.966974931123
7.08513964577
6.13335154679
4.02448565432
6.59792094456
7.08252699606
7.06876752709
5.60338869593
8.92715035023
1.73659672314
2.06694113496
0.225018842672
3.66730020494
4.34551130024
8.36273887263
0.444828622162
1.13282603251
2.68778483703
8.906923322
4.69975431961
0.573587911564
2.57183511489
9.97539111743
8.81019933839
1.5595108071
1.62964831863
5.48580827082
7.44626206258
3.70647655211
8.81444933918
4.30666287119
1.13676720523
1.65388574144
7.18103231252
5.20648786278
5.14521880017
9.13774317008
4.74389838958
4.68591669487
4.04635320678
9.84250522263
7.52158058391
0.460575030985
6.99792026377
1.25898500799
6.26447204833
0.429917849417
4.97562199583
2.96223754367
3.53896062322
0.284142504902
1.9616306075
3.27314054001
3.79874366324
9.85305985935
8.25837927295
2.46242491107
8.32839004243
2.19458637762
9.50133903835
2.15852573689
8.44299774902
6.43505393573
0.957917309176
2.28101956041
2.23523878813
0.737007430894
0.834443414902
4.00657978631
0.899376584466
1.41039312554
3.85565275663
1.03334101118
4.11422390602
5.5694247425
0.710434847466
6.6500606557
4.29202323195
4.63626376629
2.28372085383
5.05959694155
9.11756779807
0.129534528444
3.01741289063
3.19543035276
2.25915132531
7.48832985052
0.936135223152
5.5785657022
2.73868867436
0.0357211181734
3.60304257396
9.13357561286
6.83414123994
7.62092405728
2.38300833173
0.796240705311
1.11235616339
8.18705061362
9.75154340199
3.67325922142
6.37856592424
7.22846017446
6.26087375759
4.47980959091
1.2540677362
4.90777241468
2.41170530926
7.712338127
3.7122401407
2.78303988521
7.65296345672
1.4894541153
2.80062794681
0.587554141522
5.06599139665
0.245857802811
4.8327626582
6.00687091581
1.94734673432
0.828109547127
9.59512629632
4.0824263402
1.10910049274
2.58016496132
5.43008419598
3.6746875443
5.63945350531
6.3268776517
8.63869978406
6.37970450531
0.062541082198
1.2116305511
7.05239098611
1.56453169824
0.0474845162716
8.67372031949
2.28251652369
7.57600298748
2.95588243102
4.77299279257
6.48051178044
8.10176425034
5.0138948866
7.36468787581
3.53978935658
1.81086665641
6.33933333764
6.35756164169
9.80357706562
2.79580003528
2.67414675386
1.25551484024
3.21115186936
8.87173431262
7.03622000654
3.91588992259
6.3624150627
4.13280318105
0.753704759091
9.97515173029
7.29762427802
0.546553527811
3.78136695605
6.21244632408
2.79119163189
7.68140672648
3.42355566114
3.33714416589
8.6593026789
7.63861932786
6.55410186996
5.05674699549
6.93623072352
8.78845126198
5.93270269793
6.71612841693
5.87455478074
2.83319973721
2.35943273468
5.51352117973
8.9173856877
6.58004366346
5.78732774566
8.95831417434
3.16492023349
8.84062336144
3.94992797716
8.74353072423
9.39513743278
2.88801896287
9.99064083903
2.85182433946
1.37983683482
4.01190463256
4.03351386668
2.79157556116
2.95207409708
1.91908479491
9.68380826069
3.26396577294
4.03053394836
2.44949632935
5.5016689627
8.71675889324
4.97072543599
0.542694802261
1.32315372485
8.30572593486
6.56008874555
1.23751820245
7.35198049121
9.52765188833
8.73870044295
6.37085974392
0.0859116431219
1.63680045527
2.43825307754
9.6148139023
7.62130750177
2.43426544033
8.53210130862
7.41549735666
6.2500017001
9.31471310814
2.18681865889
5.22514995428
9.41801638644
7.85179043656
3.92014349858
8.80992794051
6.33135697988
8.52498689551
1.40877867609
2.09881888207
8.81447366666
0.80360076909
0.115253419768
5.07363598858
5.07244414712
6.13279084379
8.00718214742
5.1762398495
9.09102359784
9.63299489627
3.25128813372
3.38115988967
2.46112641296
2.49315372392
4.31925777029
9.99540119329
3.63324167869
7.81967986386
9.98166963642
5.22132414818
7.88144204679
2.85180926902
0.12827178179
6.14085175107
3.72433431761
0.949164361165
3.0828890858
7.44922498587
4.9084845309
8.9289055214
0.541636713877
3.67396869362
7.38598190043
7.20555194901
1.21533565669
2.81430502121
1.42826726088
0.671943454109
5.68371865341
7.05155919023
9.17037904802
0.474950780145
6.37497023181
6.60336371889
2.53498011066
8.70782952116
5.631632769
0.391878188668
7.38116151224
9.51302832437
5.89477485924
2.1052339298
1.65608685851
8.14007808567
8.99356746893
6.43308511719
8.77850515191
8.44802147145
3.89868761998
6.0882614033
6.7139490171
5.72663174116
0.0319310011386
3.82306943269
6.54265381795
4.1791751116
0.882473303482
5.13879986612
6.19858010336
5.02647041895
1.66988695723
8.15038037864
9.03083467112
9.30530791866
4.65935846864
2.1299101156
0.946911708421
8.86121739937
7.08880314196
5.97644050158
6.84789905762
8.18695754273
9.24112728545
3.52965405445
2.98866621633
1.14655974247
5.8489754134
8.96922339091
3.86463884756
6.5583527822
5.47594557093
1.08083749562
6.21029890586
8.75084107403
8.39662342124
8.98106917136
9.01680127687
7.20041230418
2.20237933344
2.16044553577
7.65616575253
2.56764395091
8.60747638078
5.3251455491
6.19509465049
9.70803347184
6.38502560716
7.20790611532
2.72391926972
4.50987258829
2.38233776934
5.5030926572
5.74690640281
1.35221485748
2.8504136058
3.31167046151
9.32412667925
5.75273906487
7.35138233031
0.112466140153
0.191107579227
3.86141912698
1.02728663787
3.76333532716
4.45932372106
1.68426632493
0.513013870103
5.31231860275
9.87761900548
1.82917036578
4.51407739556
7.74586541515
9.02346931359
8.25762436509
1.97623231694
2.89616603504
5.69507915313
5.61406769307
4.69842436275
6.26743590507
1.55739344517
2.63962732229
1.34402101978
3.25387624695
8.96756094286
0.372275414948
0.483070137163
4.21823841499
3.57657968466
