6.30841040959
6.04537182313
5.20056774845
7.31773287586
0.882651480101
5.13204776861
9.56778075295
4.25138362627
3.30093107831
1.07461129213
3.81452323863
9.5130428936
7.37288222884
0.717012578042
8.81152143127
3.93622729605
3.47263567481
4.21762279477
5.67983874331
8.90173217032
3.84957244698
0.0194945903085
4.63563808354
5.5759798345
6.06447609664
0.821217824339
7.88008445113
9.80931195539
1.27036619227
5.60742944084
5.02152279201
1.03260025853
9.14816322422
3.08492142171
5.79525373457
0.238683036746
9.66760634265
8.4812156646
0.700686953202
7.66132678324
4.94089177164
7.2485821529
2.11418283398
5.66938600806
7.90123213686
6.02160779294
0.385990803954
9.57363377904
9.40415539329
0.0201240136803
0.301649624198
8.18529543278
5.49428925661
8.58298198205
3.04287155039
9.50086718399
2.9435334319
1.24611086931
5.67348567072
3.42524668232
1.1723342189
8.12148603556
7.4637380624
5.34927302043
0.3621653917
8.3870578949
7.48060034029
3.46041937364
8.90364194584
4.75966073745
2.10131388415
5.76604262379
8.36066143434
6.86536721802
7.65512951592
2.00471252452
1.74989662316
2.16280562213
1.32286684322
2.9719897152
5.17172073747
4.14986128536
0.170838211111
3.5787196933
0.740211441275
7.36062148574
1.14047343524
7.03506180173
3.67169071459
5.92814369702
1.7598259889
1.02342275353
3.63678733635
9.91533844368
7.43149930528
6.67972183176
5.27489265543
4.79877817052
3.87232146538
9.6805414786
2.82914197214
1.09388743489
6.93790361861
6.65767305001
2.84956353787
3.59052129083
6.58548419089
5.50594996078
5.53643569797
6.10088076121
2.7723955922
7.53334244891
5.26008102289
9.86734632715
8.99768475887
9.88108475824
9.92200895691
0.47929478276
7.67289863664
5.99168478419
3.55492964336
5.79184003151
9.77129127624
4.93945724559
8.03454903328
0.78627508083
7.21264768721
9.29266199963
9.86421490012
0.331354268273
2.03986232449
4.45476199367
7.17416611461
9.80214597181
7.75941150873
3.62759283403
8.52759446074
0.715761854547
4.94791626078
7.47480557457
5.86280421932
8.62772400353
6.51225295922
8.71877709676
5.41897308867
4.32239322793
3.58768395901
8.50532893987
6.84666477501
3.11139727667
2.12340528424
0.394610600903
1.95410687776
3.26547267638
5.57494934163
9.13692000556
1.49104748437
1.60090846199
7.20247780721
3.22333162577
5.38998323231
1.17724253016
2.73680822038
4.90192474861
1.57710715812
5.46751076389
3.3211975593
4.9536772189
3.84462031798
3.9676795025
0.66700837704
3.58403310927
5.80537173981
8.53024192647
4.65687208585
5.80898594977
0.00729948714533
6.14399927416
1.44191468506
8.72903697449
1.96709436453
6.13322987743
0.347445340589
3.47335438203
2.48962496167
0.310904666468
7.32021923669
9.26823304049
5.35042137067
7.80176750514
1.55029780284
7.44672280925
3.42873718
6.04491694242
9.84657024618
2.0024644
3.65475080149
2.58385716011
5.77069182813
0.996491269314
0.824584868012
7.016367692
4.3428971855
8.11240396126
4.53573059404
3.04893523667
8.71072513666
6.72931835759
3.69265596875
4.26921904637
5.97837683541
7.18417884751
1.69154272752
2.63892403192
6.67328485527
5.5230014424
5.92239394006
2.96729445068
6.27663000839
8.97138281329
3.90870600711
6.23653455492
5.545036553
3.8135042125
7.82252601419
7.00597199405
0.278615437269
4.54302652783
6.54244340513
8.53538590244
4.84212650488
2.62263779821
4.21979275296
7.15738013187
1.52295503609
7.75343263072
7.33740171891
1.00065754621
7.70936634051
6.48064049332
9.42180677303
3.69311102016
1.21504347174
2.47215014591
7.43743873601
9.20424938411
2.12958183615
3.31820514455
8.03306282482
6.81036868704
5.4534743629
0.0181031964323
6.74146662391
7.08652390858
6.85938690741
0.1515489149
2.69619827868
4.13890801592
7.83819380968
3.75301649147
5.77100221075
5.55779814746
4.97942712631
3.02402820367
4.80666635928
6.5804675143
5.39539848984
1.37736459169
9.39932028759
2.35304930529
5.89214438825
6.86363201966
5.14634327661
3.37423468604
5.81648820061
9.13450127797
2.94854884384
8.1853887767
3.26460166797
5.41107740726
0.907141686992
5.56316827349
0.749860761151
5.61158735375
0.2597997408
2.51641759618
7.18748982853
9.49078051034
0.256509086228
4.32968160631
1.8956317842
8.92209201896
9.37993814454
2.12352363959
7.55035787799
1.59443077754
7.11373822707
5.89709733013
4.57715900039
4.86102348603
1.42521041549
9.09868637403
7.47128827603
7.41289173447
6.34146128612
3.05291823198
7.35526197354
0.64906621533
4.78641866605
1.48280860175
3.57135025502
9.75558244068
4.49225339028
5.14094533834
0.989194799898
1.52805665485
1.73389610018
7.23443874213
1.62149678095
2.00707984379
6.39647744018
3.36038907639
8.2568866952
8.59522705585
5.17578112579
1.84725898555
6.09612290401
4.30304586866
2.18523812936
4.35964103247
3.28935240031
6.27230123524
0.468982260195
3.74916068524
5.7835402091
1.73758686659
1.18508305558
4.40458504872
4.76816763396
3.79654966829
0.985983425353
8.25404355343
3.33671209198
5.10055131644
6.59512618533
2.37640501845
7.50731868688
4.57250416183
4.71649953014
4.92237365946
8.23635657627
6.54254194016
8.3615462336
0.320661283732
8.13560021253
1.9681860666
3.58295553959
1.01877333994
1.77718329332
1.67563475135
8.64660832965
1.99278266618
5.40958649143
2.11864856679
4.34240064984
8.49290555097
6.23328214496
2.30809338458
3.03962400352
8.52243797406
4.99480644333
2.20748027736
3.68102173629
0.855682360386
3.73496058803
1.81865114047
8.94693147597
7.28282394949
7.20507668476
7.98314188168
6.1399941953
2.72518168459
5.25279233073
2.93484217755
1.88738578369
3.98963563829
0.104581064894
9.46534144877
4.54849050465
6.86245799346
6.58583799075
2.48811148239
3.65541161333
9.42688917613
0.809605510227
2.83682244184
0.0690274383957
1.86051985578
4.28494881594
2.78525227058
6.96696907237
3.1246807451
2.31685591818
2.12846738154
6.62345381144
3.1100961041
9.44081964424
6.01192251869
0.146290678859
7.60141853122
5.41021793223
7.14081478622
7.59364380578
1.4689498149
1.84508159608
2.55650465198
6.37544829936
4.63890899523
8.15299611369
9.78824718821
1.63595934681
5.21162920099
2.14828018417
8.67933674057
7.95995687288
0.229310550887
7.11573704346
5.17420886614
0.144707563445
6.68908884514
2.18867778914
3.43769940629
3.14874689999
4.37391197363
6.72798386041
1.66111833043
0.0158465655391
1.06093170914
4.64519476228
7.5003718766
4.54035580148
6.52655865761
0.882925373542
2.86486300229
9.9778596504
2.93092827094
2.24209597698
8.08647947299
9.23063021673
6.48878419004
0.825546276714
6.39723876316
7.56100467626
7.05482301723
4.26662365011
8.96599772312
4.83356839203
0.472787644894
3.72383011037
7.69064236102
3.75908162077
4.2019052227
5.2063969691
9.54950618169
0.12670453089
9.4291214137
6.77799968805
9.67635991618
9.04801438936
9.67838549869
1.08662952697
7.14341403958
8.89505719957
3.8334136901
0.0665338546722
1.24075205364
0.808707348385
5.3969644111
8.69125939445
9.25555359636
2.74012837087
6.80934536005
3.75455510498
1.04111020809
9.30202669856
5.16239872679
5.67133510704
8.026194527
8.57260574075
9.53871331245
8.31314416839
2.95454585596
2.36292857107
9.68937707189
0.920297665259
1.64152904006
9.6251214528
3.49004380624
1.36071444922
3.0013227711
7.26762340854
3.09088704353
7.90304758138
6.54164698955
6.32478235292
2.34625593916
8.68655103898
3.55640398704
8.12180242696
5.06664052827
5.71047709839
1.15611325483
6.56876330475
8.61265115135
1.3414717033
8.66271446025
8.85264315085
1.97292368127
0.302894371501
5.64777703575
9.33634006476
2.5839979338
1.22664196768
5.37959390169
0.831875851688
0.365370651762
8.34663080428
1.65154427919
1.25616246589
0.83926775993
8.13935409272
5.28947161052
9.30342152736
7.7411690207
2.75382578314
3.38575623057
0.577432588983
2.42907860887
2.21505176598
2.11329920907
9.80548472288
7.37618121506
6.77555165341
8.32239897344
6.79279095743
0.501692398279
8.76411621221
4.19225541697
7.22231864356
2.71485212267
2.24460496984
6.10036482669
0.0934168461293
1.38933708538
9.07621294354
3.37210854087
2.28867564731
2.80094306111
8.90054550629
8.1120109016
2.36750343622
6.70560601632
7.75721935347
0.0925057040168
2.11318716578
0.20750294276
1.38571484676
3.97425640785
5.86132940416
0.247327753673
6.14226782988
0.806367653953
2.62931022193
1.37898151078
3.83032527197
9.49929405197
8.08514085532
3.59238327298
4.75383097933
4.56658222397
4.55255842597
9.08857760409
0.170783458684
4.79895979876
8.08375413902
2.57718059885
6.11914888523
4.48767700605
3.39918800182
1.71643438998
4.62045816584
4.89113971244
9.95517590211
7.83816725299
3.72827874051
6.28979307438
0.733378635043
2.38924489021
0.786974499951
6.26841597236
4.23863961608
0.807903447032
6.20015230734
1.28982407477
9.68615233385
1.1350921727
9.75947937304
4.22329103698
7.86227573005
3.43947407715
1.40995866602
8.4426879436
9.7526449719
9.00802034021
9.09118400739
8.6996842454
8.18995083256
4.15504018571
2.09370075199
5.21621872647
3.61180897869
5.04643019649
6.60143189937
9.47557879572
3.92951884193
1.94912891995
4.87525501542
9.76162623247
9.77986225667
9.59710040649
1.5710680193
8.4730246221
4.50758761482
6.7496105259
3.09995665792
9.90153979315
9.19082035979
3.4850819665
3.7015449971
9.41958399138
8.16066213243
9.75517519824
0.776558605989
0.166697651256
2.14929790222
3.95142797552
0.196659796219
1.13524244926
8.39475019245
3.54180660584
7.58241978165
8.95643081734
4.57491059305
3.39901006295
2.32468343422
8.49444301858
1.94049660157
3.40721307588
5.19523176726
1.77003558631
3.40837140395
5.44232469957
4.81003189524
5.78919060859
4.3337557865
2.04415742944
8.96123254836
0.461161581208
1.12907737613
5.88719031395
8.03747329028
1.39756598263
6.9433468755
5.97347836207
3.4689685246
7.00031907813
8.09702518415
4.38685192295
0.185387780257
7.59974079109
6.74378191475
9.18886566072
1.59539358159
1.06377198786
5.13914535412
7.36039101618
8.92318915768
1.5472847252
9.34375418084
3.94389009952
5.58725643181
8.77675874552
4.87510023426
2.90373412657
9.10299608614
0.407851598655
7.69438567771
5.37552803914
1.22500880004
6.84329812119
4.98625926794
0.0931036823071
0.61186352573
0.844555620595
9.52715463235
7.6432021773
3.05661052421
7.79014682418
1.64239950288
2.75704495586
2.68615531344
7.96611558423
7.34664788312
9.38864873175
6.30884879444
7.86958703068
9.44438295293
9.47419419738
3.06911213203
7.66200938905
7.15912263048
9.6887216618
1.95826285994
2.52464769321
5.31587150674
5.4080104586
6.82369036045
6.38666255003
1.97514502212
5.91207387963
9.60448640009
5.7721289749
4.59679931698
0.454560478902
9.4314005886
3.57585476152
4.07144652914
8.89820085902
7.00075894442
5.75282347104
3.43488869442
2.98830487313
5.06292504252
3.20872253774
0.181891786341
8.0630013318
8.4708582807
4.86034712139
5.69923380155
0.979167367918
6.55108612579
6.90336563344
2.05747066234
1.48335437174
5.55149919534
5.17984734903
3.91241731341
8.41229435122
5.14776329538
6.97092841027
2.72523045388
6.01064831196
2.97111987172
5.01407007267
9.84064201554
5.00825360025
6.77853632623
4.48499880403
3.12026889141
5.17627907377
6.21473284712
5.266070198
7.80493116962
2.40177573518
5.85021116616
0.719537741304
2.65703340266
2.8612989737
9.5722083648
9.44746662157
1.90614063615
3.85626155535
4.58967891535
6.50131995459
3.36692927906
0.159878793119
7.32728444484
8.56535966109
1.13384998864
7.53373611709
1.89086444958
5.99470030831
7.99926396062
1.41086269602
9.82175440136
5.73891912231
4.67102184121
0.720903469888
2.88011995741
2.7150405819
4.04427559878
0.141505379045
6.22980135126
2.37363505209
7.64741759019
8.29236071207
9.47327506005
5.93506553905
5.63458209346
1.11798560729
6.70647321296
9.98402509966
5.48844723698
9.77877996953
1.10890322071
1.78970469466
4.79842189548
2.20794174405
0.707065220408
0.299665880719
2.13145988084
2.06272573561
0.669187759334
3.0173000404
3.41417949022
4.7623317911
4.3940374938
5.9054892444
4.89530453446
9.01927869207
4.80693065924
7.54877836808
7.69651794555
7.88353938835
3.93510765012
1.70814185773
4.10190131591
2.39541692686
3.68819605003
5.53900491515
3.80787002488
3.59388668218
1.45931872109
6.28753242681
5.13308433651
6.70488050638
8.21202158852
6.05393477788
6.36281764573
6.6971315045
3.08088293604
6.15081635325
4.81222693851
6.65485975907
8.18183119323
5.69259628106
2.36554974752
6.27847995926
3.71811189147
8.52742156664
1.46852772921
2.46509159924
2.42282175812
5.90440299535
4.86112500133
8.56688658664
1.56876110303
9.87965018242
8.16290882193
5.11070037337
1.24408175599
5.79343408188
5.57650317582
4.42499273334
9.69950375669
4.41661963064
8.12509801954
0.453638139615
4.92098727638
1.09092748315
8.40672502941
7.14251211415
4.96744745358
5.84556432338
0.683210505314
4.51214146516
4.10625938707
0.878319263567
1.43879788533
6.22141172266
2.02385117877
0.876798287892
3.73866967415
3.29205830164
3.3850658992
4.47148039244
0.368101613569
5.76939688151
9.26987255377
3.05730888062
9.38849408504
8.3393015331
1.01282766193
3.53744584103
5.58932055385
0.759577974397
0.113373206421
5.74209820368
1.54483218227
6.17840588848
9.1523392348
5.04621887097
2.66341030412
3.66857582176
9.24629958005
8.6787679727
6.21416541503
7.87688514563
2.62079820073
4.80724424358
1.67850163757
9.91535790015
9.42257233713
5.75911699475
9.70399526103
0.90585493739
4.76747503329
1.55435689275
0.695546486447
3.70058475055
2.85844190108
7.15797097337
5.46440935005
1.62073062159
6.0508833458
5.53188452907
2.403174066
3.41337005991
1.08758307221
8.48380760543
9.61960963001
2.05039171675
7.3304067205
2.17558571806
3.69015261838
1.86469587211
9.64100757136
1.27011065965
3.50516557361
7.65777520695
6.88422126598
4.68600654971
3.63847516031
9.2153378081
2.82140407769
8.40599227542
2.56175884896
3.81139310379
3.03238317055
4.95494470361
9.32037674164
0.763836672416
1.9190173086
6.27464062521
2.16532871571
8.88959902826
1.72782379669
0.686470237975
1.61924676265
5.52380621813
6.59733741119
2.36034403262
8.81998762264
8.78026973746
7.45425311109
1.83561270586
8.631744375
9.98766804088
5.5027940367
7.33798487905
1.52125430631
1.11923438022
3.21809244967
0.816404615539
3.28218166947
2.41588761358
0.564192755196
0.745290719767
5.52598981748
4.96285182923
7.71238870287
3.32844204532
1.81873397676
4.11556267172
3.0314740528
3.3134964176
8.33072533159
5.09786185031
3.16790415584
4.95219902125
7.06021838387
2.40728151125
9.74584949906
8.95577644859
6.03864358827
3.63768896626
1.17857311895
7.91242726421
4.81912786301
0.8590619318
2.53257374054
0.334881036468
5.36945779076
2.26659534584
6.21005901683
7.78571527746
9.56668996346
0.646755126078
9.03011855691
7.22232629253
3.5978973452
7.41080062129
1.80097978302
7.81987406411
4.2881334666
3.98782440692
7.23728069301
5.01796544586
5.58635132536
1.38093383551
3.26114500964
7.77873989769
6.83966787667
9.69486481919
6.83385166363
7.96599646788
3.06181112389
1.22403880292
0.6137758849
6.31047323761
5.78603659897
1.40503450947
0.798497445065
3.01023919787
7.806772007
0.743634057785
9.0810595864
9.12186846992
7.46567618564
2.17627987577
1.18463370319
3.60236975329
8.67671537003
2.90954193092
6.6248216015
1.38393252012
6.16330957754
9.3851756061
0.369798607198
7.4210070423
3.2438351866
6.81538254742
0.0990902084103
7.52073943722
9.18605526688
6.55705513762
7.24765235935
6.79093536768
9.9478537934
7.55013388145
0.848573755415
0.897063998699
5.24527493278
5.80966991092
8.05194041061
3.75104878351
3.36794700808
1.21332401145
8.11070274006
1.32288219974
0.211169269403
1.81648440277
3.78270539557
0.330640485924
2.29754858252
8.55495862369
4.80794256064
9.7609761562
2.87343175696
4.58666246829
5.40094578057
7.26263356744
2.3680122625
7.66004956601
9.47365300892
1.03346208456
9.42594215995
9.73053700835
6.42593517392
0.0614863874938
7.84067774839
2.66495316505
7.46478823655
8.81851272718
7.68027153255
3.37342729343
9.40826032408
6.85942077767
1.41404765082
2.28530951967
8.94697801189
1.36095563413
3.47234918809
4.32972242113
2.5915910383
1.47665131345
0.690018315775
0.781869254916
9.10505902106
6.61740717001
7.91384561711
8.99272997897
5.67760312185
9.70966557808
1.22676582872
0.205038487906
8.17096823256
3.62122744302
5.34503752826
8.82191048349
9.88872116093
5.53523935767
3.30365035261
2.70211337186
5.12120861051
3.36730297966
6.92744317228
6.08875927717
9.7985174918
6.00263939488
5.64586303946
0.477206851602
8.14314748323
4.86339172386
1.48407749962
9.72315191365
6.62854920101
3.84784756809
7.07199461877
2.17570313285
7.89593847029
4.01594873975
5.55667440282
1.46759189439
7.4411493492
4.2924046009
8.87317515308
6.33185264539
3.81194888012
7.23748387414
3.99822394044
9.24186694727
4.2489006176
9.23165498329
1.8611388963
2.73309172146
2.73379867326
6.81245293599
0.474642711721
5.71441548727
7.30882282691
8.17759551697
0.205189772055
1.75422281033
0.559236288416
9.22181216399
2.57615580238
4.85761914031
3.70326093182
6.32410333426
7.77189821325
9.01737309551
2.55277597814
3.9425705338
2.8047833242
9.86570264815
9.39160119462
0.397767026522
1.08249782096
1.16802172502
4.13707226974
4.28021006236
4.45192735662
3.46067274421
6.09017521774
0.609493289371
7.95852900649
1.62486129118
4.37483378795
0.675764924161
3.0542901525
6.71506676598
0.868715101962
5.52968755791
1.77611659141
2.20076582996
9.76713540331
5.55904024847
9.79554050252
6.9092132811
6.83114692506
8.48569824932
3.72736075651
6.77455294435
9.89045672813
0.509455091389
6.86766748881
5.54002137358
0.603773775895
1.94146656515
2.07340902351
9.0660627874
4.4357953082
7.69470005132
0.245137919203
0.47060425124
6.09214624186
4.86177487273
7.01560998841
3.46785350859
4.43771590214
2.25916394734
0.0842087751559
8.93711682391
6.67974439119
0.396464708677
0.506450085259
7.65700345623
4.55179984094
5.75411973406
7.05778921683
5.31179847849
4.31344281987
2.67713915171
8.69407338319
1.4841738458
1.85318231876
0.637427889118
7.71348611124
4.33115119261
2.96082327165
7.05173885136
7.80434087821
7.6136240128
5.18017820416
9.24644742772
9.60562051252
7.23383683451
0.252522583788
0.962819239388
8.2678469395
9.98917932895
2.0427847916
7.63637235523
3.870342918
4.58204902212
2.21968685434
2.1631673984
1.66367147782
4.42375043307
4.062317519
3.70699927179
1.52965688048
6.00387066187
7.98097763766
7.94613515525
6.55268044134
8.06749666712
4.61433204422
9.66165842502
8.83800036616
4.55575650509
1.07646236889
2.18856283425
8.90174961842
7.54293584718
7.04765963029
7.80057472918
9.91794227781
6.62690730513
9.96982055832
0.912882910628
7.88773279778
9.30716898743
2.40877726734
3.93303850135
5.38039326962
8.09735521398
5.95077849494
8.29675605427
5.42407946596
3.41676987328
4.51357993621
7.07199436046
0.618534636897
1.87295147661
2.11857652171
5.2358135166
5.54934746574
9.20386753973
8.95328849019
6.44506438197
0.186923030925
0.143316181803
5.92297068624
8.43317854753
7.72032996487
1.28946081011
0.93947808107
6.34457304092
0.750206970682
1.05735662251
4.8017085237
2.28093288878
8.65586260404
2.84043583632
7.25787014773
7.09262092746
6.00772301867
3.04126317472
4.24763633989
2.58522030371
1.41493338044
2.89733602766
9.85184854951
4.42468777715
7.52173780367
4.56938620598
6.07605000764
2.65229337535
1.90728541154
5.77409630381
8.90258565484
1.05096711663
1.61148182153
2.6932450005
5.03341332637
1.70198040857
8.17824443471
4.31102733596
3.67210881196
0.298152690195
0.479305636734
4.08909904039
6.12785153129
4.0408574008
3.45743525264
3.5929390224
2.71632329205
1.32465131671
4.32617940483
1.25700491516
0.944490335857
3.63368330079
1.81013471605
3.56403339832
8.52730605861
2.99309980871
5.40403945474
3.28574924174
8.69010789181
7.5521444097
8.61479396986
4.69309045765
0.795855453724
2.51747937577
6.77665958105
5.31754966342
8.04122563198
7.17314874452
0.795881847671
1.78053614223
6.00385791024
7.39547519389
5.33361626731
9.56862028603
9.54346339819
9.93481632779
3.74826240958
4.78816566845
3.871163089
0.0531410273508
5.68624575005
5.39793048078
1.37188509801
6.27860756043
1.72596711235
0.0210710962102
5.03883596509
3.54445273787
9.87865145388
0.654262533738
9.09327113085
4.99935491538
8.20211353363
7.76033694707
0.615392125066
2.43793317096
2.67562961931
5.19575182731
6.90953226838
3.26260917172
6.89297788047
9.98546390946
2.13798430932
1.75211398332
2.95673240135
6.32460184482
1.07898109818
3.65598965899
5.00122498239
5.57170949437
6.25645178309
8.62048563578
1.23308882227
8.18991666843
8.05365791842
0.74753261899
1.28803887262
1.78018699686
0.318013976482
7.29345911105
1.21036746814
0.403618371125
5.77243512263
6.50849827738
6.56902101285
2.20347302834
6.52298810612
5.95100205808
6.0815994991
1.8870600999
3.00490554098
8.47026979454
6.86143507823
0.888827877016
5.2288634213
1.00137007539
4.75626861341
4.30192868986
7.93154659891
0.518026212881
9.45876482706
5.33787264201
6.77589193495
8.62521780026
1.18829324465
8.73011779628
0.470525368067
5.29253095294
5.90297516452
6.10377437012
7.42678516329
7.75329098648
1.12727045419
6.30176316529
1.11551653022
2.06566806688
8.61715739153
2.81463789683
0.166036005895
9.34687249977
4.64926344237
5.74871227875
0.366441163286
6.46192463907
0.0654158449487
4.04686202452
1.8390783997
0.208259600952
4.7561186853
3.60404279035
5.68848775974
3.37369818319
7.77091245794
8.32569866579
1.17335313494
8.86212145339
6.86949111289
5.02695132482
8.88338270476
6.56807662295
9.73599559063
9.1738551431
6.8143893518
0.395019148934
9.50769792919
3.27750310202
1.86394518413
7.21452161972
2.79948317766
3.29011153009
1.31817914044
0.483484259171
9.64450706464
4.01654880199
0.810131611092
7.64181181189
6.91669932323
6.59537921022
2.68542242763
6.25248046566
1.69058011536
0.410353768628
1.04144106196
0.0822020868604
9.95749006948
3.44705173222
1.14215673118
4.85041154446
0.318342688051
4.35396875494
6.98447958369
0.549242510576
0.0523627008671
3.91324760844
1.81089671517
3.10826130932
3.71285247362
1.82533213412
8.6602410857
6.85262498279
9.59198341786
5.52091571305
7.88845157045
6.75217469114
2.2098722373
1.28613996249
3.2984466644
3.90655942661
0.574355208393
5.00987504973
6.9482177384
0.296648548122
6.94652543213
2.37114750591
8.76989587348
7.66169578838
4.53275407174
6.94886342431
0.970344293487
4.15491187213
2.24529543922
9.61414141153
1.90930517878
6.00587005485
0.558321303672
4.84753771436
4.6451284719
5.22995636811
3.23155246646
2.52934982659
3.01108026012
8.81320445863
2.7442385825
9.82870447732
1.28412747899
0.539081386483
7.33727209108
0.334100347216
2.11553874314
8.28452826781
7.38780960774
6.3297101125
9.44240561368
2.98996067708
4.77547671183
0.139435574645
1.65005436141
6.29848231264
9.5529476506
1.49018531076
8.00182263547
2.64661799762
8.64713893699
0.0529094828015
7.58241614637
6.83098415466
6.96681735318
1.95026535654
2.80202739572
7.92636641218
0.0748197898493
8.66555572656
9.37961954614
1.12802766867
6.89973014241
6.10910665193
0.895456412855
9.25477380741
0.801645554429
3.48376004053
9.81791228103
3.4835436275
9.22855406154
0.320135618829
7.59841352404
0.158863995927
5.5676103639
8.37459259374
5.50135779009
8.10161510634
2.5065938308
3.47226413111
9.09131874185
3.41251599527
4.81991591553
5.31054409101
1.99535666687
7.67848375089
7.54844379845
3.70728897732
8.59277053664
4.80867675853
2.92210767819
3.17075883784
1.59855646746
2.20347236407
5.65896802152
6.0164395537
4.78937606845
5.55663209386
8.17024480968
0.276200971336
8.19110541939
3.89580150615
8.76447891852
3.05467618178
9.04827019031
5.18116002401
6.71437068104
5.69502316612
1.96574971063
3.06609384674
2.17274316418
4.64291395839
5.806854262
1.00326925553
3.41058388298
1.14374920244
