9.42970216742
2.76040799224
1.27770442546
0.612509446497
2.50275191072
3.02019520445
8.05749514121
9.95527610033
0.979943806423
0.0531583840268
9.45387023992
0.704478569068
1.38469501851
9.95465407827
6.02720658293
9.30159719624
4.09930883609
5.98519442534
6.99563703286
3.97644295688
2.3242801676
0.378486648125
2.95827286455
1.12689401173
4.71494501104
6.82015981688
7.92951397709
0.731516470318
3.58356839227
1.47892491231
0.086303924593
4.65528428144
4.46438294591
1.3053779247
5.73715237594
7.99085813771
2.58930711838
0.110434393253
3.71147463746
3.85200533678
2.7744777629
2.0827687134
3.73235703839
2.61710602179
7.59149606049
7.95176793586
0.987011747902
7.94265901257
5.78435908771
0.244556750166
5.84846423793
6.93268194986
8.27912249794
2.97730873401
3.46058572531
2.88075532623
5.76805980912
2.70003270851
6.28083217478
1.14547709395
2.01119457949
4.15449124077
3.90662292921
2.92050958284
1.58747162014
0.723864549392
8.85154949944
8.68473904567
1.44045650099
0.900101674377
6.47671072506
6.59620378557
7.65022411468
4.0721753648
8.00381224758
4.10639709715
8.17397542642
5.02884724654
5.17018744612
8.59819418618
1.4397596346
5.92599458863
1.07590371025
7.57382562272
8.25288989266
5.7710126122
8.89838497117
6.19456714215
3.56824285692
6.18911203595
1.82226531753
8.86493925719
3.67674132047
0.930780783369
5.24542937273
8.28370229672
8.89863215811
7.52163493879
6.21881599521
0.276927122099
8.02809150588
4.76200721494
7.65936526715
7.93100202777
3.58012078147
7.71859463642
1.3547473988
6.98994133008
6.39288980622
1.54287166589
1.28071877794
2.22401376278
5.14331927086
6.06946868068
1.23653558542
3.71363801344
5.06300869277
1.55497656568
7.88004375626
3.07522517021
9.59767787751
9.97125933472
5.29510266582
6.2956758704
8.75517837444
2.09623335839
7.04224860756
5.29610166603
4.51428710169
8.08542747581
8.00266813448
0.22105912315
8.98069556882
0.348685930241
9.49921467798
0.880169870083
2.8343237512
2.80896751192
6.66710667263
0.956326757755
1.40378239311
6.03651432471
0.139768452112
0.126395454109
4.56011230229
2.80900472696
0.637049632679
6.75665217959
1.26656881658
7.23139542869
4.48711562841
3.43104846432
9.96777050918
4.02528791323
9.42112049532
5.90466964626
0.672218246456
6.02324797021
2.0892604083
7.75647527325
6.58266054097
3.4358997887
9.33062940864
6.09444966296
5.73264275246
9.6684144828
4.82234946153
5.92353723962
6.23080714437
3.02382491712
4.18957628427
6.30155248447
0.18501666951
7.52260597262
9.30419159904
9.46395980377
2.13972352521
0.666025829724
1.96985950858
1.62549414464
6.53578843543
6.2697122551
5.32931343895
7.25687525062
3.80852233351
6.99075476079
6.81205974904
6.04034365931
0.563172295068
2.47524361556
3.93976089451
0.351882312692
5.95419194253
9.74769994474
5.30208480249
5.39167413305
6.29449800815
9.53321539396
0.191551460087
9.98632904662
9.29768604412
4.54123430886
0.703707112543
1.59420011021
3.63772655084
6.13293341806
1.44221152537
6.70852596594
7.63794059123
8.10759225444
0.744532143078
3.97826865406
3.19053726147
3.96621314412
0.619898896379
9.62954215443
5.85731702677
9.1612814291
3.66060943889
0.0508993825215
9.67077693026
0.483823605851
1.09784499642
7.19740845226
9.57690738768
0.532768409596
7.68044873244
3.88580946366
9.98798671209
1.5360289825
9.67538657618
5.3814532002
5.61431724761
5.50240063906
4.82463674299
8.36815490096
8.61211130431
0.0956953069616
7.06732645462
9.85297447784
4.65813728046
4.9757579275
2.93513950665
3.08780466048
2.02501914365
4.44869838322
6.50396604463
0.649575130464
5.53247161098
9.34264914692
4.75551224537
3.90709217354
1.9253808206
8.04212897072
8.19437105648
0.152515881329
7.08285771691
0.946575136616
3.80689565229
6.36565710095
4.01189811621
7.51523968652
3.00689042184
4.8855077101
6.85775599689
6.83461938045
7.72624561389
6.79723851686
7.0228643893
6.30261615383
4.88039895031
9.62213210074
3.3161093657
2.80318357109
1.49693260692
4.3273978133
9.79760775679
6.2508088771
8.06952714513
6.80129656426
2.81472057233
8.44238178156
6.07032657755
5.98633429553
6.98903413503
4.54800134893
5.00849626535
9.97272084682
3.25882086767
7.74153738808
3.59944845844
2.19909685643
8.32333171793
0.801875165243
5.95789063946
9.72761173648
8.54621509415
6.66302268483
4.56702070909
3.65870572042
5.17683341214
1.75757498544
7.03058203094
4.62984393421
9.47249270768
7.35880312802
0.485681549685
8.7412397602
0.97150940061
9.60128074391
2.83578315498
4.48725730722
3.01236183648
1.37675177026
2.75583818321
8.90141037575
5.02169788483
5.65814334038
9.31926426283
0.961257483097
0.447993684634
2.70661260605
7.87728334716
4.77953422139
7.63451202864
8.80507684229
6.02837109165
9.11322642113
4.72187936119
2.73153732014
9.69155565905
5.43365198373
2.24609001046
6.33201311611
5.02400224777
9.57302723712
6.50319157002
3.80954261204
6.46754984088
9.10132919409
8.49651346561
0.233705875893
3.22649334818
8.77408063662
9.16412701429
8.19144554565
2.17084824803
4.62577355942
0.662573324188
2.31755669592
7.17315952971
1.90657880761
0.437476604052
6.68605411238
7.33535816339
8.7251755451
1.53614120002
7.0768522026
1.09841460233
4.99767455123
8.31202119503
6.33462310699
5.58117774675
3.59679267029
4.532567226
1.87225143557
8.40051728269
6.56912361473
2.72846165747
8.28372917962
9.61805149695
3.43739944318
4.57724568936
2.32400740362
5.76482931511
7.68312469345
8.20854649839
9.09902814774
3.62390504857
4.96590816934
9.80629041603
1.68354850753
2.63466510991
6.17894020754
1.9852045775
4.45854628081
4.38775639469
4.29161411632
8.601760274
1.98545795275
7.13693906874
4.10321204614
4.00344909833
9.38490321818
7.22286648108
1.9532356071
8.6008937245
6.43729757223
0.64680496751
2.35300708798
3.54236233183
3.85273086459
8.52347788137
0.706233444721
3.6460182518
9.67516391359
9.39816785031
8.79349468197
2.80583866512
6.9138847418
5.04636832752
1.45258513984
9.26084968134
6.34305035504
5.28482872742
6.85108246729
7.99208934115
3.89647689166
3.96139415368
8.37610857491
7.85447346682
0.879336873624
7.30356227078
3.28842823906
8.51349815896
3.49911392699
1.8089984851
7.56897747463
3.6307421942
8.80199742405
3.45687546604
8.93944211611
3.03166385273
7.59127850695
8.60321083466
2.81307422312
3.36232873556
8.79455315327
8.76175440156
1.47869387371
5.25136197821
0.509858683458
6.10500854132
6.19584230539
3.31657760503
6.88433378045
8.9172631914
6.61417427482
3.72408581875
1.99396680699
4.0618069945
0.769042870667
4.31127308407
6.29508432427
5.64941104291
5.13058750737
1.79720812943
3.10867422689
5.07119789263
0.198696586928
3.2045809494
3.05194894941
1.64425928421
8.5094817485
3.77518236723
7.84425109244
8.62482357952
0.719795322011
7.16493595641
9.123568079
6.15830173743
6.18445972119
5.62428373366
3.12623518844
7.25154437297
0.000763050347267
9.80054335302
8.39945949898
7.34201397778
7.31165839978
2.69755041998
3.11962213566
5.0422539989
6.51489772878
9.66836324909
6.94773515736
7.05410357203
5.17129439916
8.61522824918
2.6398234248
5.05473235372
4.04722253812
5.59239827948
3.0304034906
8.05197062743
2.3595623976
0.0587316791008
4.70769210131
9.5905829664
3.37791996504
6.42918677777
5.6885085514
0.0330871287962
7.69912420228
3.22999283602
5.37969409508
2.62774916754
1.55521633158
6.06507008369
1.27625223367
0.170994069434
2.02507735326
9.27406726033
3.49355552414
5.96410875574
8.99084395916
7.58388243967
8.33108795052
0.301999191524
8.1401969695
3.24022844258
6.32019882638
2.72510193542
7.93452229754
2.26071454297
4.13149440487
7.09419960414
9.70947255782
8.16634134447
3.6074452516
4.11276814318
6.97947026304
7.88816685583
0.164318139404
3.122910598
2.22682709759
0.771389017043
4.07002627696
5.11188231965
9.32461439872
6.21576986207
6.45059494698
3.65616847641
2.54221626736
8.11967366728
0.993673686566
5.25260957434
0.165949592272
2.83849489083
9.35676013502
6.54669746189
2.43599108768
6.37194651562
8.90363405073
2.85817120591
7.92928652476
0.185839686165
7.3627259076
9.91278469344
3.70342989479
0.0580693776488
4.53804164427
6.53646450435
5.73959916419
3.97293595174
4.90362541293
0.197702929738
5.46977643985
1.75078187841
3.63065762208
3.65342123482
2.79683537036
5.24679580047
8.88091290263
2.28848716896
7.01380977386
9.30360455813
2.42261680655
1.2869461055
8.6293623163
6.93306666543
8.98836105338
7.79995550527
9.93942256525
2.50476645104
4.32158070863
1.96775725932
7.37251388225
1.42469567606
3.50295748488
4.53221191691
1.12634974893
3.99469394522
0.0799812810176
1.68489509094
6.40281375832
8.37296577326
2.70551426319
7.4943193789
4.58924133893
2.71736489155
0.559685549402
8.16375276131
4.3861853661
5.69899405623
1.44307367451
9.13448163082
7.15917013573
4.02959810794
1.52438918295
9.870576934
0.312885670422
2.87994726495
6.53521046711
7.93548489334
3.66485136446
7.94814821098
3.14753283103
7.60370547946
3.35398042976
4.63086204189
4.2798289963
8.77985235403
6.16589709774
0.356283930452
2.51426811583
6.76129091262
2.7320445496
9.70968584161
0.811718618805
5.96939367421
8.34502864432
9.57641538386
7.04123715078
9.33619234046
5.80617609095
2.41078188562
5.21499900576
0.947888677359
5.19893030252
4.16001713812
5.07157500155
3.81448905947
3.1295573146
1.52594020543
4.09605814389
7.48416739332
6.44450871131
9.11752067192
4.91148290634
5.08891731905
3.19410387358
6.22282615024
7.84842835008
4.86943393244
9.61231196031
2.61380816384
4.55748372825
8.33873645495
7.77369904358
3.97819013234
5.8693633571
3.43431515215
6.41098037446
9.90840940723
5.1586312538
4.4800255206
1.75689943585
8.51184626073
6.28338680946
9.68994759582
6.16492431299
1.81655188376
6.69737929082
6.93702636329
1.85396962196
4.865788585
1.58224563222
6.13580345588
2.96781774201
4.02888943029
1.34408190197
7.88756570886
9.88073624158
7.68440548206
9.40580147755
4.46202785433
0.912017259157
0.351713802784
6.4732159822
3.49418711514
1.96178647411
7.50079629571
7.75094505048
1.71604132896
6.07706787097
0.106434338158
1.0814376443
2.35919113519
6.77650127167
3.80405976959
6.99180488157
2.70581525928
7.92944531948
7.64321265841
4.66032200218
4.19124260942
7.89055607369
0.345378671421
7.48302179658
2.05265441243
6.59087939503
2.59127156611
9.30538829099
1.6526341511
7.69923697767
0.233678361659
4.14971536521
9.94710647861
5.49195459477
6.98364456124
1.06180728385
1.26722253916
9.34981023817
6.42642677334
1.03926467229
5.50839866599
2.41727333305
7.32857569849
7.19196145982
7.73939367875
2.01795191541
4.70861484792
6.68557869865
3.0006530676
6.23658322644
7.55985449627
8.90815642652
7.64924662744
1.06060538538
1.49938634171
6.84160109288
9.64940052567
7.99364175727
3.94313849154
4.83433122604
9.53031068201
7.61432229949
2.48665964207
7.60015037075
5.61399205878
6.15739822048
9.47035125208
2.22899229463
4.16605215643
2.39969288923
9.83668926209
8.52475656375
0.20130325054
7.94615227178
4.32243777722
3.69849450795
6.92375234976
5.07486745873
5.30788587391
2.56152606606
6.21453236521
5.36825308965
0.35448911989
1.12741926174
6.69274195209
9.72693540106
4.80553601462
6.94453774896
0.944321115828
8.59619661968
0.433479588138
4.2127001641
5.65988206278
9.54501770155
9.37540327668
9.57527095045
0.0693205307855
7.60563749671
0.393990707607
0.491568552635
7.44656997295
7.18798698798
4.50552188343
6.64050694998
2.50575863272
7.01427158407
1.49861367306
4.86874500523
8.41439390915
4.78359356314
0.364593907544
2.70079492714
4.84672602261
3.95239397539
0.857685738323
6.20225292701
1.59751153656
5.7828760656
3.72894708733
0.829810975022
3.72832780613
8.40022445907
8.40494653922
6.86118559462
4.81727570421
1.51341685226
7.5305402912
9.68482496414
0.340842116709
8.33820447839
0.458540989652
2.93254685242
2.63318651235
0.606511217137
5.55364950749
7.80107012109
0.715497105391
8.60177231398
7.113790418
7.91918647346
3.15927974161
6.34089245927
8.95544820512
5.65637272585
3.87175717091
7.4655765685
4.85491145079
2.75578966893
7.53249287939
7.75586243727
7.56247731993
8.31481787522
9.58593686738
6.37322210398
5.24370287168
8.60045976598
9.11612100588
0.504954730232
1.69117372884
7.22902005216
5.00029500295
5.19293013828
1.82611654675
4.39954861469
9.91905367902
2.98502326937
2.50018461479
5.18896352559
0.596200223041
2.0656179222
8.26839168939
2.47766393351
2.10570955458
9.28659640382
5.49730327334
9.60203797032
7.22839565157
9.27396076085
4.71891506781
1.21282841845
9.69405431934
6.650869672
5.16672665459
6.46955135899
4.92340119266
2.7279778467
8.77386671717
8.52757880481
8.07416008478
3.71061791831
2.8038965166
3.33251743201
8.52378149456
0.98550144865
4.57422229385
8.07938516363
2.73554924539
6.79926912882
7.7267650701
4.22491649859
5.94802923132
8.60270988964
7.99998367457
5.66614404886
5.57590698308
2.91304773354
2.60243215183
9.41920416144
6.18839467059
9.96236985097
8.89609366219
7.77230660875
5.79572703546
5.38355105943
7.18562040979
0.411498976364
9.3560663569
0.123799771905
9.46116832112
8.93692484099
7.32235051062
6.16803626649
4.1118580493
6.29281973907
1.15735168315
5.55683512492
7.11978092475
8.32769551889
8.11910628342
0.464287570041
3.35791348611
3.8303257209
4.8871590172
2.33337462137
6.56824230029
0.661450004652
6.40675276279
0.957054488588
6.00912512217
3.82908557333
5.91639801495
1.75845803314
7.75605622284
9.4249029927
7.445765956
4.56295745736
3.22656206532
5.91577783708
1.02254016153
2.94907923007
4.10360776449
3.36135848775
0.00412621307091
1.37084411852
5.06932645359
1.52882567536
3.55178610562
3.8663142374
5.99910581733
4.4899925406
2.13179069829
6.96403114059
5.13269667893
2.896863963
0.691814054618
9.15279245495
9.26221479232
1.26191408409
3.16785999432
0.474636089304
8.18214243748
6.05405998217
7.50962835194
4.33921545492
8.82344708514
6.58777143791
4.51373685236
7.16421248048
9.16912080036
4.15175672551
8.20404974
3.91951753115
5.98770156013
2.82307967136
1.28957433808
4.73276073694
1.24321698236
2.71067232529
2.37482857115
7.05007810203
0.205735741429
2.61584530041
1.99999204057
6.37923706311
9.10479013332
9.09208843507
3.83923324425
4.05862912892
7.96087753293
9.24691662183
9.13117929898
9.34410660586
5.54176106091
4.70330198567
6.52790009112
9.11973114957
4.6565450859
8.56177399271
0.552531687749
1.55169392644
7.96609985891
1.01019460069
5.70116126578
9.36569595383
5.52977814808
6.92820918739
0.00275364369517
4.89298859033
7.83229133073
9.94491555617
3.56194733714
0.282873169483
1.0260661014
8.9694599436
3.71549033273
9.79270603061
7.68979065347
8.73904715535
1.33868876398
2.14506168061
5.04239887668
9.12147169628
2.69533609246
0.173679746665
6.75071078067
7.54545385663
2.32654216172
5.06889538677
1.16431100605
8.43470350503
5.0548242141
6.94162482825
6.02432846729
9.01572852108
5.36216131817
0.92991407868
8.18903321261
1.08182453255
3.15814225285
5.47420749158
6.20388396023
9.18326927405
4.63971014154
6.75599515943
2.91650958914
7.67857173425
8.73679332928
8.59625529627
4.09463184332
4.35164071937
7.30680747657
5.0035703033
4.70359908421
2.96688606833
2.7590882794
7.40940086849
8.99670546904
7.92273988441
4.1974237046
7.12038190316
4.78930953767
6.83724861851
7.11037118236
3.13811540574
0.780397362011
0.261170832196
2.38500435736
1.01571342886
2.93679734258
9.12385411895
9.364095806
5.49854845934
7.22564026247
1.53740523778
7.00825170018
8.76777169271
0.131803477267
4.17519843968
9.14742223323
3.55571250536
8.11231034627
6.95716621111
0.829217128034
7.70454936401
6.19825883562
8.91022589147
1.31525156107
7.01195116734
1.37460402122
7.96423335721
8.9307166514
8.10290953596
6.59075730669
6.30774925576
1.97702696358
3.44095659294
5.30399331972
8.46824278627
5.9773526556
5.20571424484
7.94472575925
4.86780443674
5.1979039284
5.82131911661
3.06869990119
1.99047252192
5.13559742846
1.20050754898
6.42264701192
6.73267522415
4.06075751839
3.22889808094
2.40388014998
4.92909058665
8.44918066352
1.9454900738
9.38431741815
3.49343731121
4.67154302624
5.95378327244
1.89144830609
3.31603662427
9.97278266123
6.76303870857
4.61724936273
7.00285479271
5.237364092
1.6834706874
5.82814298567
8.40211800858
4.52730990317
7.07873813812
4.24068874817
1.10443698224
4.25298525965
4.98054986195
5.03393058327
6.99759494546
1.75057728595
5.72771646147
1.12536754864
8.1063392523
5.17114483027
8.15564939757
2.1179563957
6.63384873204
3.85150082109
5.13443516997
2.99814386768
2.49399710007
5.11429502877
2.96176525937
7.20376219297
3.88550945477
6.31858316207
5.75718288997
0.768925403908
8.51352422767
3.01513855882
5.05011102042
0.885589076665
2.73486685986
9.22363978545
9.11666210384
4.88599338963
6.51785618541
1.53196840263
0.790191917116
4.79606839748
2.37432393455
7.08858351603
6.63979503857
0.355430473467
3.16853465878
4.38818295665
4.98788313098
4.51894466451
0.481397898997
6.96206641272
7.66093309947
7.57970873113
9.97588317372
1.19190343
0.0695964326184
0.446409532304
2.95172839547
9.35680675041
5.40703651703
9.03076375149
8.66951881586
1.7070586032
9.76731567473
5.92503539333
8.41463138095
8.30574291501
5.50303455835
4.19476407136
9.8808814197
5.64789403897
1.1005377888
6.76048844745
8.98250876548
5.25952426899
8.64787162433
5.81869406605
6.09231315894
1.63247734953
8.33303403236
5.78640584731
2.39270622685
0.286206002183
3.38439989281
0.196529988621
8.32294554913
0.262801637123
7.50130227951
7.95352863277
4.75092567649
6.35432460855
8.13443946652
5.55403541183
9.23296308877
1.09866802017
9.5047552467
3.69638673652
6.10776606512
5.40520528751
4.43796652399
5.41892819417
4.3227670603
2.42064180401
3.07725962167
8.35452499576
6.03417931335
7.33158681798
9.1969875314
0.306828267661
4.33451287751
3.72618479136
9.86564903547
7.72629855813
4.5614555374
4.65021362508
2.4129254601
0.63022547926
4.47491295777
7.98266518463
8.14600171859
0.378544678864
1.79299973136
3.31814768791
5.3396991004
8.41343105684
9.15336100092
0.656257627385
3.37596828527
0.776627822283
1.94430803643
3.84646081001
4.38824426075
3.19622854355
9.87088734809
9.0093533957
5.40210161621
6.27009131069
6.69514328077
4.13101974137
6.85269083096
8.64992251428
4.87960193717
7.1557048629
8.05970174751
3.52505129041
9.19881855735
1.25381417361
8.78411299503
0.580185744429
8.86186019178
8.4356331656
4.73764858418
1.39187732897
9.89369590758
7.08197297538
0.348708448961
3.34846025376
9.36324186039
7.75139184488
2.89191777544
7.39895842062
8.28728072686
4.60085254154
4.70544119992
0.502301205584
7.7800648442
2.27504989408
3.79276845615
5.53838909838
9.27765479206
3.00906034894
1.85191076869
2.41156821013
1.2313352103
4.59157669579
3.43270911123
0.737512335266
6.79420058737
1.59398598871
0.870486044958
7.55494194362
2.51753918232
3.48506641139
9.09672021723
4.44912549017
2.73422045137
9.82879528818
2.84377863444
5.62307168516
5.14224191459
7.55387479572
2.26829890189
2.00045423623
9.41139339494
2.0368001327
7.79989524011
5.73188316267
7.11939824493
9.9139378884
5.67939840629
2.58159617621
2.08830166879
9.62522047243
7.49650536139
5.12311046918
0.778336023809
0.255330286935
2.85611277485
5.91743239641
0.289591127301
1.73924417199
1.8464058776
2.77049647779
3.89192003516
8.90353890199
0.70093551024
0.521998761253
0.797531932311
0.411653894855
3.62346800958
1.06317133473
5.05517189184
7.62816944498
3.17455523889
1.61612990362
4.3825270384
3.56498207939
4.1158094013
6.8197675848
7.86905402635
5.86549589753
7.06588442382
0.933783919413
8.14860448563
3.31937268416
6.94653309745
2.53372690931
3.07111713298
6.24768142499
9.49342328986
6.01911605423
7.81227427977
2.16058806666
1.12153714547
6.04725740112
2.59457505142
8.35900017011
1.61953996613
5.46665826897
9.92130252957
4.36911165516
8.52979966367
6.85982570219
9.19484280785
3.88429541889
0.857934466113
3.30148732531
9.36843272428
4.11551618053
0.179244580801
7.36229281903
9.77397726126
5.71637976412
8.67576843986
4.00872723374
2.51252103538
5.04272055944
4.94728668082
4.02590564594
3.32244191442
2.07828031082
9.25797548802
0.0944431875798
7.45673813207
8.37981396609
9.40548147292
0.217996983798
3.5506179115
3.45963997716
2.62998906582
3.74756844999
4.36093298827
5.43833166075
4.39811986542
3.1516426859
1.99783459596
5.68894385617
5.36516184794
1.6621599197
2.29791044895
7.07742759709
1.28783539623
7.08405382781
4.97407140587
7.69066943748
7.16665281885
3.08563474664
8.92164817997
7.75018290007
7.94733582344
2.31672535644
1.58335011253
4.75692292829
8.55028410161
1.68752707835
8.84733092191
6.78397777817
7.82213249013
9.31597580511
9.72965629461
1.87775957962
9.27018934214
5.9290826381
3.50761207242
1.99816294119
5.74748491228
3.58392510423
4.99907280968
2.65115032624
9.28760382951
9.35481316268
9.47110916603
5.33785241304
4.99337644991
2.04646045524
7.07574909013
3.08369022938
5.09188218889
1.84723530087
7.96924323773
1.90559029836
9.14683265749
9.83280703618
8.78020165747
6.06892092708
7.62107434307
1.335239153
4.60098181943
9.11422000649
3.61246335394
9.46985569285
3.23080338496
7.80165539772
5.7211814239
4.19674041167
3.33650959839
9.36941483639
9.4616818443
8.23441823416
3.95084364328
2.83611997103
4.96532053257
3.78006440478
3.71865914843
6.69080125404
3.79121681865
0.198903422124
3.38998416263
4.0662716382
4.55324048339
0.854277204228
3.16808182147
7.57885522369
2.96408454536
8.19683916528
8.6265210436
7.59506537791
2.24063431574
1.37821579214
9.02761707873
6.08227680292
9.46078102846
2.18483110988
0.178344811432
3.88584215712
5.51126098268
7.73367421794
9.3614612278
9.76278466693
6.25890140434
9.051412039
0.370248621669
2.60391042664
3.98364215409
4.72836670288
1.34405205177
7.43768932557
2.19434512244
3.59333545658
0.167422321943
3.29143513412
3.10915314313
5.60211583387
7.36255640083
8.0065736675
3.14572406247
1.54652693502
5.30066332233
6.08415776709
8.18835774151
5.09627296621
3.54105348529
0.941173466346
3.17710278293
5.18153953038
5.33539438156
2.95169290493
9.84871902106
3.63682575282
5.49117001028
9.95652916545
4.10389547294
4.54863163076
9.06688066922
7.67343677506
6.61969193799
7.98022456582
4.2550620988
3.91458446993
3.14130156389
7.96775437425
4.03146645898
6.38910408027
7.53386055135
6.43984660813
9.66675204063
7.52259585676
0.417121699952
2.07621167872
5.13563837511
2.34258076565
3.13179370405
4.39663368926
5.81786914879
7.3282975324
7.59309789529
8.83861927651
5.0925817124
6.92012917912
9.76967473191
3.31009302334
1.85379008654
5.49217294567
3.65582615872
4.99157668561
4.0814499259
0.187798072582
6.90460447102
3.9669049671
9.33888004615
5.24850176873
9.66620957672
4.91676984364
8.21197435254
1.46067074807
7.42631770521
5.13413342272
3.87823436471
6.03706255429
5.62072836954
2.65780253466
9.22743437429
4.47440792971
5.44228287486
6.40423404436
0.526491269823
9.31670306738
0.841875985446
3.5169967166
6.98491005165
2.30136071128
9.52013955666
3.46933883034
5.34629426266
4.81946346876
2.59398118562
2.47940427448
5.81415137197
8.56137378211
3.48833222401
0.4875209993
7.1962040413
5.19155360834
2.1733365979
3.67285393295
2.63060185097
7.69053286127
5.7885137054
5.48051652904
0.724667553868
8.21591245245
0.0364428113245
7.92541367578
6.02262699448
2.39510571853
4.12652155118
2.63896921951
7.52704936723
7.9913877264
4.42555932911
5.76824259597
7.99636280425
4.38432682548
7.83301276837
0.954701558698
3.08553975636
7.02407528457
0.39017142648
1.00361741603
0.871072800506
4.53366548223
1.14574160935
5.67130950788
4.28736018446
8.3391479795
8.91093032655
5.41736466305
1.59630961698
5.04391118605
8.58807891523
0.891060330907
0.337139017617
4.43290044187
7.42137641114
5.0560081597
4.23736415727
5.31075355407
6.89426632154
8.32573607187
5.54852686116
9.09243886832
0.10297078701
7.08491493778
4.12286204451
5.59903228753
7.44590973188
2.35475783005
6.431774369
1.55650127879
9.86246267244
8.02273797126
7.54917620676
8.67166778926
4.42248892078
9.91385135666
8.84500070768
4.45736422182
9.15193382824
5.66202526615
2.73402459029
4.0834900931
2.33975454029
9.06658052183
0.905776267134
5.54075543943
4.55112675874
2.97136537784
1.30315117446
7.34494868148
9.5723783592
9.77803930422
9.306999577
9.73736885658
3.26793137223
9.46107537317
3.04736737608
4.57271491903
3.54148434218
7.30887089348
1.2990207392
4.01610258218
1.09008323714
3.99750374391
3.32504184322
4.81484010865
8.63589284986
2.2623305132
4.39541117138
0.192799590894
3.00150394899
7.05962487725
6.04864659513
8.44909707492
4.92587196119
4.34025608339
6.81286906565
7.01026414865
4.57051693465
7.58899661238
4.0827276378
8.8279199085
3.34772926284
5.41372013599
3.6170152677
6.68251565983
5.03625527441
2.79483327811
3.97642004635
2.51414840513
5.35925913455
4.76344549728
5.94810779131
2.5396353307
4.47816791213
5.75767742111
1.03389325257
8.45290182141
2.92368756705
4.50656777301
7.28297778201
6.58954485834
2.78951067257
8.48071908771
6.4123368351
1.84185019367
6.72001485033
8.41998799565
7.77315579819
5.41187481782
1.65462653152
5.37751700273
3.30638713911
0.556866696808
6.18754834393
3.78358806448
2.9432074189
3.36945008063
7.40620563086
7.74342899288
8.91428704202
1.60413353283
8.78631104553
8.01480187341
2.07347887338
3.44370014308
9.86648356967
7.58934451823
2.41894624009
8.95821770721
0.880340872332
6.34262435002
0.118104944636
5.14699015598
5.39303588077
7.22991749987
3.54035738142
2.1244546284
8.221987634
5.71475418683
2.80530387644
5.01298904682
4.44290992139
1.81795675009
4.43289112396
7.36462832231
1.86913709821
3.80280405969
3.40226169624
7.43828654225
2.46607793467
5.19384820471
2.62961098457
4.93530210278
8.79869637859
4.09539434762
4.32301115878
5.13620772391
8.81668038929
0.893850572325
1.88854024113
4.61421474856
4.60549001483
0.234697224681
8.63900039653
3.06584889444
8.27311955948
5.3113831192
4.29271660874
1.31142108347
1.1123478191
4.80500215825
1.94321295881
4.15517211902
1.70992230224
6.0104955571
5.02444690933
0.961712003135
4.20656779888
3.92796320696
7.02265192781
3.41050151812
0.32204870282
1.51823969846
7.2908223398
7.35335369214
1.14087122311
6.00889333978
1.97674726438
0.972779216252
5.05525349881
7.7344621874
2.91433983058
3.65176129493
3.92752147631
2.53639834102
9.99519111476
0.527792109405
9.93065876053
3.85390969214
3.2723210853
9.96511997021
2.54752740715
4.67941803909
8.43766025005
5.20163271228
8.27533284254
4.17662977924
5.83325579701
8.09187214116
6.39473342786
8.86154251779
9.56765350692
4.48283883377
3.20891838085
0.206196737546
9.06813687477
9.56586940523
1.46135487749
9.44337207765
9.8675518938
0.309846827555
1.91578440242
2.28600863871
7.84851199201
3.89647048675
4.00590234003
6.62348783869
9.87438371563
9.39420228286
5.28814377532
0.143375151948
0.0717199734115
7.52347493833
5.14912152037
5.19326442023
3.35885386315
8.87344527273
8.50433693969
0.226127919071
6.04629032764
8.68080389225
9.55766963072
3.7311470332
4.73606047635
9.63545268412
7.14046437087
9.43864831268
8.67661820593
6.79647470679
1.08290490406
0.128868788927
6.38485659665
7.46196172597
9.09265012681
3.70801513666
0.418071255756
0.00691517132412
8.38298107214
1.85682732659
6.7883407256
8.84429331063
6.53081950597
5.36644632001
2.18131105835
2.22576553405
5.1230270623
3.23324847834
2.85508588129
1.15769547675
7.45493901543
5.28504240609
7.54518098543
6.16068708384
4.20433824387
7.87635919576
8.11429782619
8.32006458784
2.42489818641
0.617059249211
2.10962171881
0.813398668708
4.46670347885
0.546593305424
9.4296835253
6.09735609254
5.53290805975
8.60211987604
9.34636888547
9.93871844011
5.50474839433
7.74499370076
7.27535004309
8.43297478393
5.45934229486
5.12306442999
9.14891100212
9.27879830365
8.67076979965
0.975442551563
0.874032808775
4.64004814202
7.61249171894
1.74548640722
4.04248474179
1.47401862536
4.20449012088
8.7494834388
4.96078546302
9.99624071629
5.65533775429
8.09740981755
9.57858422943
1.95939248392
5.84581748794
3.10572569268
7.73448386145
4.20545477614
9.21777914261
0.314918174577
5.25896574777
4.09633505994
2.4834304443
1.81478128526
5.41327079921
4.56302964217
0.42633679717
3.54648749496
7.22308651503
2.69609912799
7.39160076592
6.47198722594
3.39276951247
5.64787335268
3.41960747
4.34779832847
3.85689395659
0.0314243982066
7.82475929602
1.82215237428
7.87735522683
8.09924180553
3.12542180982
4.77335936307
9.94056335648
8.59118272697
8.6640866264
9.34788926776
1.9875287834
4.37763126121
4.90729412075
6.17909250461
5.70783871962
9.75238297551
6.65797108216
8.04864859559
9.03006524423
1.39178069384
5.4398743996
0.683897450326
9.87170761767
3.33545826277
0.00107901318467
5.33121827349
2.19471128428
1.37997958602
7.29611332036
3.46630586035
2.47353404248
8.68718882613
5.13045215994
5.19533672615
8.26687068494
6.93050504005
8.8836400779
8.54344832273
5.64776900511
6.15375267608
3.51333429852
0.85380078229
5.2462594298
6.29418964232
8.90016843269
2.97938781086
1.29467162343
1.17462840025
4.51299087414
9.66908946965
9.2690922512
9.18512283456
6.86295540846
3.91891358213
2.5941993948
6.18508291948
6.25857498526
6.24900217823
2.75362971481
3.0571810084
7.26564308175
7.04611972471
1.49140354245
8.81157637992
7.14742662574
8.1872978809
2.45270845508
3.48722178206
8.24553578201
2.05445370992
8.91128563715
2.86670822816
3.24183323067
8.25924712258
3.49479423931
6.9147281366
7.25286257321
3.1251361118
5.43814851244
3.6372595059
9.19076528609
6.29336504444
4.65582599915
1.39173782049
5.41239391653
9.5572988092
0.170995826374
8.36690028598
9.24739101919
7.03785090951
9.44125079335
3.52174119772
1.16042858732
6.92030632946
5.3415336227
2.34714741318
9.47810362979
0.0410095365689
4.75651329733
3.21511751645
6.89657891137
0.386824194129
7.57370857953
9.72957951874
7.85719904064
0.513195971598
5.16437108462
1.64684737194
4.89847892453
4.19643114647
5.15677198183
8.5441181429
3.42402192589
8.72485369731
0.191963149433
9.86717762305
0.614387844397
4.93742448974
9.71410902984
1.55816606769
3.39148256075
6.60331377508
8.73958869882
7.95732311145
7.06342134469
8.94274737118
5.63539980115
0.392316081267
6.5411433643
9.44127745202
6.51751608283
4.49696191122
4.20472209344
1.27030108595
8.99658755071
1.91369822343
5.01549986859
8.47051408107
9.38199205231
4.36477373997
1.52003125852
9.01760018023
8.82688586143
0.177746535315
4.50733419469
0.722060344064
1.14237758225
6.96970270592
2.82143646597
5.87775504099
9.52089808824
3.68811611116
0.337705782571
6.36808186202
9.47677294966
9.06266898084
5.8195273372
4.80855147645
3.4070913177
8.42608743529
3.96795184332
3.8852544203
8.00999922214
1.70841088704
7.31598334552
5.51224519549
4.20061639561
3.40986194125
4.59365402517
6.27722450733
6.29244342921
1.63758042578
3.39750677555
3.09919359228
8.63120945348
6.54707382822
7.68163810539
3.20713529618
4.21039682643
5.45931413323
7.50209708109
0.63626234234
2.13034013759
4.69125249711
9.24752936886
3.00054181783
4.2813767051
8.48796944683
4.68728435765
6.16387955971
5.0165359319
0.372577963398
9.12742898865
1.36927949194
3.02216309036
0.339115163157
3.514234139
1.77351716605
9.74414033321
2.62253432453
9.38032251736
6.74608265073
3.24440808958
1.41756811591
5.91921928959
5.21656952747
9.27694587104
9.09039032905
8.77515129657
7.18346340111
4.71711970655
4.60486578296
4.00271728778
7.2151342284
4.67390554737
2.89958434122
7.52380086532
5.71839901942
6.19398869275
5.46740764207
4.36642431622
6.9352338601
9.78267866057
0.94363446107
6.55429194303
5.84564090371
7.1007524465
8.19809743204
7.24050786127
8.09149017009
4.01655767878
2.64118569523
7.82220575855
1.07128446626
9.99098223161
8.05803351
1.35142767955
9.62710455486
0.147923072081
6.90287746086
2.87960256667
7.97088564227
5.15317478923
0.86499570905
5.83487118288
0.976873481745
4.17591052036
5.67475813777
4.92538894931
4.19191206452
2.34588477263
4.99286454546
9.39936378439
0.524476212249
7.94446639568
3.54628936235
4.64394810512
8.73281754451
8.19607505512
6.47597880727
0.449156356153
9.23182124871
4.45446107074
4.02512066086
1.79031135946
8.40632252346
7.22400801263
8.66046023266
9.98163794893
9.459801978
1.74863592771
8.87398383595
3.04336967934
9.64102335316
1.97376289342
5.94878381649
3.33549748485
3.79827849131
0.378670460988
5.03629189057
8.23134083627
8.75566702086
2.73761756297
1.7257367568
8.59737023258
8.91902749967
0.191061972646
2.22314798969
2.96234927476
5.72136081807
5.24324200134
3.01177663358
3.37321953984
6.64818976188
3.47255107145
2.84841590142
1.82173847233
9.05362932088
0.531556717081
2.65859269495
2.71705041149
6.15458508534
0.17144191491
7.61242085626
9.43018177279
5.67513668189
6.87175952857
2.39792622642
1.87487410245
2.45030273077
0.743879132464
2.42090244901
9.86899492214
9.77150470263
5.66905139189
9.20568031219
6.55010187825
9.39894786912
0.926344302843
2.14319484504
1.83281016377
8.43722282751
2.2658059872
1.37527539617
2.09127636218
7.16286246807
3.34280397571
6.76934110872
7.20462809268
6.31039040748
6.89535586366
3.27191755746
7.0452724117
7.06710256021
7.90825722679
3.50983426212
9.31966358453
6.82855768267
4.05257792678
3.69045450738
3.81265027918
3.18848065002
2.87633260179
5.35042446351
7.87522140968
1.97865874059
1.71504790085
4.43153750101
4.7398402304
7.46897279678
6.82288103476
1.99602369558
2.26777993923
6.62838303468
6.62301243256
4.33305035527
6.2300047549
0.256583258821
6.46746823933
1.76079069717
2.95125097108
1.66763986747
3.44499447074
6.2177020649
6.70735235413
8.30046924169
5.07704226702
2.7659349948
2.10359259115
5.10661512537
3.83645867661
8.98050160212
3.33332959181
1.47915502404
1.97965751576
9.96898646242
9.62427081292
6.04599768985
6.8797220926
6.54900318419
6.88494086721
1.73942073678
6.24247248601
0.949372984566
7.47218982929
6.30550118881
5.52557653877
7.33576755856
1.82718995026
7.44021808803
4.31763475437
3.92725958025
7.85596697342
2.0111352246
8.98676251261
7.71617785781
3.36404395265
6.87211427513
4.43295222189
0.770496550012
2.38848012558
3.1606665464
2.82784819597
6.15306237801
2.37893200318
8.39860756143
2.59363925079
7.13657706297
0.969641821785
2.21848403919
1.21500098667
0.888521545942
8.83919464713
8.56513081051
6.46102648113
7.13762664612
4.37331613286
5.26993891466
5.8201382364
2.67852985171
7.98949493628
7.21563780072
9.54615026286
2.27493954682
7.48559496956
9.27525581086
9.66372184093
1.53214210881
8.92927964011
5.43638725747
8.58404916357
2.96927847254
3.56544274714
7.48297956082
6.0857375698
2.77668657836
4.66899651416
9.79658292035
5.20381242211
7.10538736266
1.81157224594
5.59674110187
8.11338533413
5.60512773493
8.46469509988
0.198348349014
1.17724520067
5.41004666207
2.5747726893
9.44147948955
9.15726850517
1.14657357033
3.85863828702
6.16856135554
3.16917563173
0.325188835567
3.57354050368
4.86117745426
7.29872814866
7.09741198711
6.54704694405
3.55973397627
3.68304147732
7.30897891655
5.95545396711
7.60504105512
2.08340366416
6.12134079402
3.12518534881
8.09259230904
4.96652694828
5.85441969107
1.68031713746
2.9380903433
1.00931380531
0.817836721971
8.38928406101
7.39797182912
6.22967350414
6.83359862113
5.85299770188
5.45872469414
5.87764216823
0.420681377998
0.385167912041
3.3921389068
9.41306613236
2.52633859284
2.77123479715
6.96806638126
1.69830580868
3.90170357326
9.35055512621
0.291720066461
4.37430544897
9.04980747127
0.504213712446
4.81906367512
7.78674269255
6.54743780244
3.88240931714
3.21600371703
7.47497578931
2.87320321457
6.85025305515
3.03787491488
2.38195240076
4.25109897936
4.76096494396
2.98378863583
5.91953336408
0.232704081693
4.90603119559
5.43624483132
2.69049928137
6.79964307544
7.73711282681
9.7607951476
0.216870306439
8.92430606945
9.27176410498
4.34261377902
8.30189243077
7.84382413374
6.09652189015
8.03166212798
6.54027649757
4.34592513725
4.80023450953
6.69601100855
9.66247154808
4.85576427871
7.21864533505
2.70355150231
6.0975969791
4.2030754557
8.36651649785
1.66552485605
0.0268971407346
3.41501864186
3.22259876338
0.540066799687
8.00309385576
4.66940266801
4.27539454648
0.923749660023
8.90376604188
1.65291078537
6.30136032051
7.60484249673
2.91766377472
8.43289793072
7.55269907242
4.58789339918
8.9883062353
3.82221715577
1.77729947538
4.32377746605
8.70068979165
9.6440224726
6.06320544238
8.15561705507
6.40369230708
4.43815085058
2.30486765081
7.54489641877
0.492267711614
0.234483764388
1.72341437305
3.96507662151
1.99868222971
7.32675510611
6.5390875032
5.47131354491
3.22849294869
3.38495576247
6.02398920557
5.25108430516
8.70804301249
1.60257337461
3.40707755317
7.5014969401
6.17596841554
4.20375228009
0.217927768637
9.47085014566
5.26682236202
4.6868692493
2.44641136111
7.69989304996
0.094096901188
8.93865628246
4.92862345144
9.1538131658
1.81327842816
3.63998186465
4.38371066516
5.82704690709
4.21454234343
5.68313412011
6.29639378353
9.75900917899
9.477021549
1.25474548188
3.50125373459
7.63135935172
8.08834001688
5.12674706741
5.51701272177
3.42179001086
6.24938572701
9.65295960444
0.631492384127
6.32594157661
3.44380352355
7.59776643081
6.90423730654
6.04584963075
5.85996901609
5.43287829252
8.60790250251
1.87952774207
2.80512758159
6.61631216126
7.78879874941
2.37939400636
6.44937776638
2.30709358881
5.85449136869
5.1283610121
3.23201786553
1.55687805941
8.69252286867
5.10166310534
6.05286328342
2.99032458654
8.15401132516
2.71572577251
7.53932433899
4.71868086177
4.85445666168
3.6688303109
4.58611123109
0.826502126633
3.75669068414
5.98949524308
5.74515712811
2.12398682736
7.4740669646
5.71215930977
0.24370561625
0.994917038885
5.14182183276
8.31303536928
0.0387197923932
7.11674907775
9.06780209527
7.71396788833
3.8548396874
3.90633076794
6.89199463709
9.07228799074
7.38028175834
1.09627886918
0.788996963193
0.774067792921
7.06408147545
1.61507853285
5.16040759249
6.44787154675
7.2247847165
4.02294665572
0.671268767346
9.65532915872
2.44378586108
4.13705462151
7.45382139937
7.43398021007
9.48404943139
5.3339034148
3.71684727072
8.03073612847
2.17416298311
7.64940836826
7.60999267531
9.06885827396
4.58038853893
5.72878914682
0.81970643609
5.92996016869
2.3087076957
1.13761383458
2.19182919949
7.24039328052
4.91007942938
3.75104437812
6.03160199438
4.82993775709
6.8588641597
8.06603660921
8.09960688676
1.04281994522
5.09459997328
5.47553856857
2.17288740964
6.08472522685
0.0823569608979
9.92714788102
4.34613069734
9.41704502584
8.10215354572
8.87179572144
1.88631875042
4.94919213738
1.87276662571
2.14346488447
6.21761932305
4.83860519743
3.83753181586
9.5930317594
3.55605087232
6.51287277287
4.91605305542
8.56292757356
5.4439186197
3.12813662758
4.65539684354
2.8808181368
2.20408403235
6.22506641844
8.31078156401
7.46283465922
0.497123529723
7.08193613982
4.65048990347
8.04305315791
3.12053854797
3.24926873203
6.3281657057
1.73803507821
2.12001651507
7.22702727032
1.07954806064
8.00807285149
7.11080323089
4.79837921422
7.4866665092
3.37801405104
4.943966717
1.44705653748
0.313287116726
8.97917299303
0.741611000047
3.14272038875
5.27920643543
3.0258727364
6.88555365781
2.83088804243
9.52737899383
2.53373612274
2.99346739301
2.20365795177
8.72563441796
2.73263270485
9.61543456504
2.2051913239
1.79174151372
8.25339485842
4.58739580587
1.87093128405
5.29700918611
8.70403005063
3.41982957139
1.20754974303
8.02606887033
1.60333785232
8.43707685843
9.30323046166
1.85157070593
7.84358421798
8.374482813
6.93248720774
5.54338713425
6.0308895974
3.95275604596
0.665319038777
0.0377594175354
7.70958809962
5.52660148171
2.81845604968
8.07633730012
9.8967200085
7.07469697902
4.88864113329
8.09109918166
5.24040516122
6.81402026271
9.03906631855
4.75103343529
5.72266649597
6.99227755623
2.66537364345
9.44050639186
7.55503305771
1.79962188213
3.6696865662
0.132085864912
1.5307523373
3.98063037771
8.89633740195
6.51538321405
8.16440088743
1.9271751399
5.29544383188
4.38471857415
8.0065715812
1.79474382664
4.19802197538
3.59105512785
4.40216546569
2.1414460624
8.25233352345
7.5085491228
8.78629539053
6.80326687137
2.45720229202
6.59013933576
7.18728896154
9.65460951041
7.87003426845
2.39107152439
1.75189339656
3.6112418812
5.42308332559
7.425715371
4.65705749558
2.23507955022
8.68195388016
9.54384199352
4.67326980201
3.66803662453
7.1220829423
1.70350799743
8.94248152448
0.409477171291
3.39202861496
0.437631830105
3.96935424669
8.93347536114
1.28184708716
0.48351363817
0.972976705264
5.63826084282
9.50337832979
9.18028856236
8.04406822882
8.74943351553
9.18843646513
1.97695912181
0.389033262608
1.40215262675
7.17285254643
2.89369284392
4.29781812418
7.64786643391
1.96979230338
6.63696306869
3.25045711669
5.1555862635
4.40679049615
2.63307493072
5.6718037957
8.28518508741
9.96381648221
1.14076012076
5.15089862734
8.45343706128
4.29413125841
0.693764411403
9.18518776679
1.3412080218
1.18272811158
1.31424842021
0.372501461797
3.0414241568
0.212775949456
6.13317887429
0.0369182842653
0.0434761634146
1.86844710911
8.89204041623
1.86023209638
9.67787752871
0.303217711435
5.73513035332
6.91763132182
0.705285641525
9.98677073386
1.58328494539
8.25250708431
0.397533130381
2.19947591004
3.60945923523
1.3007108707
2.27046177689
1.3683884814
1.4409310852
9.66711556907
4.31738573409
3.01610509736
4.41512687001
0.902544085943
8.3926471528
3.28801790765
6.68287130832
6.62782114888
3.5597722939
0.302765121864
1.25666333819
4.28912724273
2.27736030461
2.15553853662
3.7556177388
1.8890047893
3.02266217637
1.46538620862
5.74283316228
6.98993152744
0.900204227088
4.06490086287
5.8656270473
2.98030816164
3.49489958451
1.70004436149
5.61494893377
5.76716378656
9.82858954828
7.62060186988
9.27084954514
1.86603684808
7.6015611911
9.61979311806
9.13367035081
8.19072313085
0.0451730876797
1.49111394091
4.01512218001
4.40955314418
9.8678816726
8.18095730496
4.99169781878
4.58266467322
0.274957612986
5.05243360175
9.15007413399
2.38099266366
8.87046077479
3.03579028959
5.18469915276
5.81899104576
1.16251633311
9.47204551646
1.79258582295
8.27267350387
9.99313771691
0.550600790021
7.0034369497
2.21153121776
2.44933309972
6.17136010892
3.1938744919
1.51229829498
9.21957227414
8.06100767931
9.40946427826
2.81853566549
3.75870877759
0.749146888249
1.44768953357
7.05519403126
1.27369937396
2.21422612508
2.01517991596
1.51558322473
8.36786826237
6.18079845106
3.29350958949
7.70055568668
8.1769008928
8.82136808416
2.99846590746
3.4481453773
9.10506702602
7.97532323858
0.436429903822
2.09663219847
3.89175041279
5.95520579614
7.13727707502
8.76258446119
6.22641618255
0.877937306437
7.7604129709
5.72917110876
1.1364534926
4.1521136194
0.64369101863
5.24210305836
4.76397057503
4.7660107312
4.13029605898
3.75189548263
8.7416496459
0.0932950956571
8.36562431412
9.87062453833
2.18357373876
3.46435572217
8.65620383377
7.68528534143
3.9522105611
1.81138150484
8.72991882563
5.97192328586
1.60135442757
0.805046286568
5.12213022546
4.91870889251
2.75254180433
7.35625446276
5.87779824368
9.06536917156
9.74339734678
3.94533024222
6.6838242596
4.39289556359
3.63028771641
7.56176831465
5.93196823445
3.0798147266
9.88443714853
5.52740373006
8.31253699853
0.817562623968
2.40362373835
5.660032345
6.18488277166
6.17533100512
0.253873016809
0.0355774776794
1.93292914943
6.65906448286
4.82562180868
9.72502535771
6.11882119331
4.79436711348
5.89172540926
7.45114191042
3.43490362274
5.14452543224
8.89989605748
0.56620466607
7.56412220899
2.4757797909
2.17567557552
3.54656977826
1.93371014254
1.29761076343
6.27692688633
3.0370015921
1.19012580956
2.57515726776
2.84084646522
8.8116797501
0.327991839095
1.71328184614
7.59705494152
9.09379777251
4.44638418797
2.07469796341
1.62283270925
4.98361738513
6.1325013985
9.65678283517
9.75064513714
6.6660820081
7.04505004434
8.51008736054
9.95411409764
7.81232682922
7.63515030575
7.31427732591
7.34167501548
8.4761660797
2.16610693986
3.96226253345
0.789694630402
9.12849913327
9.26957506635
2.90736466867
8.89641996917
2.53467149404
4.82749052246
1.45832499664
1.91247164109
1.54019150286
7.88797649274
8.39630967235
4.40877116063
8.87457752117
3.32947530547
1.71377428615
5.73740991329
9.3899754901
0.492512925243
1.55354436181
0.153678952406
0.927485148631
1.04558479517
8.85822027644
2.91201188776
1.87754291378
8.30264469003
6.09870060273
3.80198373844
8.29654797589
7.95308801903
6.02398256125
2.59185584022
9.19193691671
7.60059227196
3.55636584748
9.19292701136
5.07522114974
3.07335450274
2.30440661873
3.61158642644
2.30898148423
4.03448856053
6.54620034365
0.219574085443
9.13003101522
4.80943910763
6.97795679155
2.38907814541
7.96212904615
3.25568249421
9.17550852105
9.49373554382
5.3426625293
7.32260346258
4.8872583092
3.91474115789
5.29202955082
3.22482212001
5.64214879831
2.81856988039
3.62294708654
4.28661105252
9.44892557657
4.0844979159
8.97563159856
0.467641548859
2.68092345458
1.61660068899
4.02463449595
7.34846880271
1.05406510077
9.84664166522
9.91249574026
7.13746315396
7.96910954206
2.78003417783
7.97637434933
8.53850257055
9.89199314638
0.789384019118
2.10081204605
2.01411665248
1.42835480705
4.01992908379
0.385280671326
2.16638021272
6.73546447977
3.67120952221
1.8547870905
5.70360546808
2.44932713786
0.0727594441654
3.23179284774
1.26484779928
8.12095138238
8.16386091553
3.60564397159
6.59792730888
1.73958690462
9.37428045776
2.80790683774
1.28856977036
7.7564245072
9.65488062023
5.05886170723
7.08593112181
7.20269264844
6.48633156128
3.33624829221
3.91673351121
9.88300271207
7.56371696586
3.84244325358
4.56054256131
6.65326210918
9.5614909669
3.55041328287
7.45690651629
6.77717338495
9.02450025923
4.01562948924
9.56920948305
1.60328427492
6.14475342285
6.56625364449
5.15203878112
4.20577936062
4.29287449629
1.37815044846
6.79487259608
5.31189652556
9.55069291878
3.13085599013
3.22917392457
7.22151687675
1.47897653579
4.30882975865
2.5805651816
0.878924256855
4.43019398554
1.55358482674
5.46682513732
0.787011591344
3.83017231892
0.922997391981
8.08039949307
4.2506393919
6.489004413
0.545395310744
1.65943784818
3.39108642594
2.91659976174
0.562057395627
9.8820111264
4.78832402827
7.92619215598
0.517476630468
0.449039959745
7.15288612685
2.77097054825
9.22056454722
9.7798629053
3.02455045676
6.01044917249
7.42461847574
2.69280898603
8.4344878292
1.01290306125
2.71979855059
7.03251529112
1.22968726982
9.4660259162
3.81418485137
3.00019336062
9.87251449808
5.63164157338
3.95584671925
9.32871880198
4.05598048582
1.8392547817
3.35282857177
8.68226317106
