18.2202522077
-0.753985830993
29.2031874556
19.3900486387
-0.185216400871
11.3942244733
-1.04592491504
-0.52257042855
8.25410136103
22.0053517672
25.7977470725
28.5254144485
-0.817802441613
19.7627348667
-2.54528447987
6.745659608
7.18117211881
2.50288578745
22.7393317757
25.0712792406
1.58255814414
3.0323764254
-0.270736211623
11.5373190667
-1.94822055737
-0.951919595212
10.0178109958
-1.83288442946
34.3589849879
9.43741016598
40.8997787964
26.0438990126
-2.34856159076
10.2689741926
-1.46513704836
18.4053524051
3.31650192924
24.886772749
41.8964905095
-1.27522169741
23.7572096617
26.7967619117
21.2681402322
17.5169078466
4.73089218673
0.99724033868
6.87692787971
-1.54197129919
7.77419539932
5.71648196451
1.97085734646
21.6506105086
39.1773140406
16.0461923509
-1.51592187896
-2.17417411166
28.3796502193
-1.29205970407
-2.52929571887
21.8275129968
17.9490957782
22.243858994
8.30722742035
-1.89979726857
23.373795085
0.281154388113
26.4110684909
21.8324800261
8.41289984048
-2.97151064059
-1.69823238713
26.2870718006
-0.373464793889
6.41466732898
28.0098665482
-0.744048206439
27.3502060746
-3.62455108571
27.0093383976
3.44194227004
6.32093173572
19.3697084193
13.6045243278
12.6819140061
9.5407198322
8.5786294078
-1.63061326044
30.3673235774
6.35779370441
13.0636673155
-1.37534410572
7.6587501011
2.55624998841
-0.584690532159
-0.304439964773
23.2543162581
36.4518472912
8.56255275091
27.5871418546
-0.617872573732
-3.46228006413
11.7901750908
11.1517264638
-4.19648854288
5.36347995184
10.2710243162
25.6984596406
-1.84070162816
24.8266149618
22.263467036
1.15921414143
21.1961309175
40.6449651973
35.4789784225
17.9026697768
29.780954015
38.4744142501
-0.0550261478463
30.7806531105
9.91358600233
16.6500013771
7.72941912889
24.5705444035
0.588319037182
9.51606332832
21.7966501739
-2.30106202415
12.5982956921
23.4618210885
-3.11520008388
2.80874506624
5.65178903735
-0.765565751639
-1.6257185048
-3.38962576668
22.6100279941
28.6661795616
-2.8290129844
24.0850502969
12.1416640324
1.40215463673
28.5148314891
13.364594409
28.4840298486
-2.62111476583
15.454330832
-0.538977325018
17.3218303026
22.6964763696
2.08129639705
-0.704940219276
16.7999603254
-0.120819334033
19.6990363703
38.8260234571
12.1651669153
35.2481959354
12.3452432854
-1.55058858532
-1.22461088441
15.6468579023
22.4723795869
23.4078383066
22.3064364614
5.9304882014
25.0524690667
23.6431450845
10.8400634836
18.2398872264
15.7359547649
20.6850067765
22.9325529032
12.410003879
4.49952581234
8.52271620734
22.2697541661
17.2779385599
-2.08421631451
40.2935295923
7.97412404225
13.206217326
10.8793089593
22.8981145033
-0.53274395243
-0.952555932018
8.4529912037
8.36384592665
-1.01470957364
8.28932650418
4.0627231562
29.5777363962
18.3298742448
10.5995699129
-2.69873802407
-1.04889838846
28.4160680097
-0.591674917434
-1.66641214752
8.02704155338
-0.422526131547
43.3089753829
-1.3607445268
-1.1197780638
31.1608097903
2.45933471254
36.8206477412
30.8438754221
-0.862983095226
17.4459352857
6.93474841108
17.8509835577
-1.90460610299
11.2797329231
-2.59010944787
29.9413426151
27.2532044882
15.2048266285
15.1277694243
-1.1886318774
-2.23690662997
11.4270077655
10.4714462371
17.1461464221
-4.24185056105
26.6935820982
2.10118194714
9.57789365561
26.0875743054
13.8104343721
20.8320735802
29.6999805636
8.49934590566
16.9387585414
-1.08689492686
-1.16220838159
11.7494476588
26.2774067499
8.95874046035
5.28033902666
-0.464665689491
23.4014068236
21.1958488072
28.7601792148
26.8076523513
10.5646172653
2.44696414466
20.5593159972
-0.591662872397
2.52257911119
26.5294138435
6.12838577364
23.5298490155
27.8405988922
1.90392005391
-1.03518538771
23.0329812571
29.1996861708
22.332567847
-3.02897904223
8.76805558132
40.5116596824
1.92863423704
15.7589802923
-1.60100244891
37.1101805191
24.1937894108
33.011777875
35.6663513857
25.848373297
14.7257910132
22.1800771096
3.77890483257
-1.02640976947
31.2551711407
12.2063827049
36.3635896605
24.1590409923
7.18421480373
-2.63948436915
-1.25916720145
6.72335183929
25.7429512807
-3.31389371578
24.4011774086
21.5082448714
15.622580834
-4.13389233146
-4.50846706099
22.2276154035
-3.15894253598
16.7400095489
-2.64987234911
14.7874744049
35.1965523906
-0.156057533277
19.0611848394
35.7167168001
3.52991177236
7.38791503905
8.59760184155
