18.5244626275
-4.44639003947
11.6019406329
7.81442261215
19.6643315502
-1.48281338028
-4.73170903146
20.9864946861
18.3975479111
3.0818960076
-3.81623289554
-0.251218845603
-2.43824500955
-2.75702623399
16.60145218
0.192491755948
-3.33781412076
-3.13489828385
-0.777835200195
12.2066826993
7.35712314461
17.1571237553
-1.77488389961
-5.91495782912
12.0705249174
10.0373337028
-4.44433949696
19.6249413162
10.1038094193
-3.07976023026
16.0955212685
11.4719801008
16.4125165826
2.90672007132
0.522855782715
7.15162507958
18.4285600021
6.8223546837
6.9259000286
6.3662477526
-3.86731008153
18.2088478229
0.136749779457
-5.529652361
7.369679696
11.7530561478
-1.35308641672
4.6117507551
-1.52621739852
2.49916043153
0.437913390885
15.7710782856
17.6217899416
8.87153434804
15.9858195044
18.3517302558
10.3294750545
-1.37264245531
1.88325890352
16.882923824
17.411241743
9.67192888742
20.3834224866
17.6766932297
18.2153763257
0.137385304863
17.2108151239
4.72570376764
2.36204383362
19.7218020354
9.60088985963
10.9832191878
1.59694582507
-2.81709089734
8.72322704015
14.8979704992
17.7860443088
-6.06733023805
5.00028178003
7.05543790789
2.00611147942
-2.86010691587
23.0563269158
3.5718848143
12.7985291604
-2.48629263744
16.440475964
-4.16272852145
23.6383068358
-4.07196996288
-1.36332809777
17.2759887075
15.4499241099
11.209316627
-4.79149819979
3.51267245022
6.87323986837
20.9317378394
19.7980584941
13.9082600453
-5.03393796425
14.7671299407
4.73544971804
2.45383210192
-6.04201733473
8.90280334562
0.103621020967
17.6839460615
-3.48199380548
7.70194687896
7.28695369267
13.5210277103
12.4538818491
17.3148692495
6.51231026981
-1.39243433028
9.11685626837
-5.70542289277
13.3217229924
3.25793404076
-3.10773136172
3.08695664497
5.98907472281
22.0273028878
5.53699279014
8.0864962731
-0.256044669762
10.4815148002
-3.75790054351
10.2054416929
11.5022148214
8.34748585708
7.55297505599
1.12942964995
11.5128728738
-3.70228468214
14.5475035997
11.7310713044
9.105506272
16.2704350352
0.211789622343
13.1628705163
14.1753186935
9.09497425398
15.1325085074
16.4155042071
18.8332728812
-3.64697215162
14.1561668959
-1.83733675876
5.09832416561
-4.67478525587
3.16461784243
11.1037325969
-4.38584125298
16.567592973
1.93630897396
3.83789158049
0.355984414591
-1.80590835393
13.9399018352
6.85232419186
-2.58926243743
-0.579594497728
-5.09488404578
19.3203498149
1.78711293676
-3.5985684249
14.07984405
12.2285528784
13.7921725661
-3.11866539552
-2.27076491541
13.9148089233
8.21486648164
7.30789778089
6.77495013066
14.570568981
-5.66896405631
5.05167371948
-4.84134643521
-5.33001144095
18.1943586033
-5.05342563264
8.95685768113
14.2448773098
20.8914294273
2.51572064665
5.3529293532
12.3747865114
14.6412996196
11.7776428922
-0.0369130454827
4.62902590973
18.4566037354
5.3842987184
1.10496106883
20.9350738552
-4.27372129674
7.20499341238
7.48344072545
16.1949648102
18.2660162709
-6.08528057229
7.18629938249
2.13561576846
1.88189723842
12.8760326939
0.200535973598
-3.56761925809
17.8242200525
6.58508382431
2.19285310629
15.9531987018
5.8239038403
13.4644978967
1.22620943286
17.0355921093
12.607089277
11.8652042264
19.2820497042
15.4539562309
4.18294057671
0.648236671081
4.46785789366
16.6252662385
12.4430744254
11.3588140916
14.3594199553
-6.07601887743
-4.49653743375
1.86641174284
9.98054536066
-2.86061532958
18.7212782664
3.38307977071
-2.832824092
-1.73285194423
18.5220006149
-0.833056126142
1.51487729346
-5.53314443663
9.88796591601
-0.986757877251
18.0225825354
19.2361038581
14.0041719627
14.3260128035
-3.05084971156
-5.15210400835
16.011353335
12.4242889714
7.51802942695
-4.05585781838
-2.26668061711
14.5318695092
1.3432516821
9.19358882283
18.1666286332
2.64304210463
13.9602024891
0.00578729947485
15.970879061
4.19673115699
-4.58454615509
22.2412788039
11.3893572156
13.8261156772
4.7113134678
3.28687434524
12.2322090631
7.32429991657
-4.93688407887
-4.78383175132
-4.55812408784
-3.61840161195
11.6749097553
16.7441713498
20.1799667471
20.5857572395
12.3065385495
10.5410798547
12.6173556899
7.99039070202
13.8637318966
7.04383210246
0.0592544894612
1.83777708986
-5.93944842831
17.6888811655
6.17711551041
9.96694769157
18.0452219471
8.2758235962
18.5897428094
10.7491979481
8.07468564587
12.6665116747
12.7583176068
4.84088235439
6.33283376531
-2.03097689115
14.8444702382
18.6648283125
7.05275371617
8.07694297762
9.38923647632
18.4965014477
19.9265845752
-5.47039265393
15.5966140885
4.74963667028
14.2296632198
13.9959309893
11.2756996756
16.7266204315
15.5895977281
17.6999645439
7.69931440069
2.87689440952
8.15530542982
7.73008235203
5.18675497415
3.32946050306
16.7729251338
18.603628847
9.84883034455
10.856925254
6.26805558117
-4.1550318842
4.04197513706
-0.343150219299
17.2503813988
9.56388825505
21.9230340787
13.3874339328
-2.30993731268
2.30418610909
8.01139306405
9.67818195007
20.3639304831
1.19933963877
10.7407004823
17.0470108498
15.130980371
-2.86324901584
7.32871280777
7.87130508644
0.866776393632
7.91797054637
19.6822476629
4.31580806023
19.2647838853
-2.77362991096
6.69177361622
18.2847226456
16.2983317418
13.8966466355
19.4555469621
-5.04744141762
3.71240843194
15.7214529442
9.49732437283
6.42548386281
14.5849902936
10.2897677512
9.16879080958
14.1163848866
-1.53283160518
0.172757870183
12.5041673404
-2.20060522011
12.5411666674
14.9189710114
-1.83771236305
3.86661383351
22.5790308331
2.17711777503
5.62322454718
-1.71854437741
-1.43746922383
-3.41321828045
12.9912382282
20.0221116664
6.58009361612
-6.02918282828
8.34789404642
9.1383749207
16.8920924114
16.6753010554
16.9409973513
17.6725279329
13.3409943128
4.89449491201
8.71215216466
15.6049223517
6.31980407811
18.3817152289
3.73949642043
10.4271288378
10.4625896442
14.0658454326
16.9585753267
19.2237579632
12.8996128526
18.0106107136
-2.45713634882
-5.40502060282
6.20906933813
-3.56477053061
6.14919605423
18.9679267559
12.3716412148
18.4896888286
8.48465435552
-0.0976010035925
21.1801818986
4.27804029795
3.51640502514
-1.29734280819
7.19148755926
2.20631390724
-2.20116815193
-1.73523770028
13.2109977012
11.2550443132
3.81931567528
13.0713491852
11.8725516652
18.9072513796
-2.61497829535
-4.58297110578
14.3915764077
3.77489925014
2.33491274467
6.31858971407
-4.42320376118
6.46105122401
6.309787842
10.0225823638
-3.86699380912
8.53346021996
1.59346083937
15.4027429297
-3.64742701677
-3.38184569929
14.5195769206
10.2596989691
8.04104089504
8.24877494676
-5.38445697758
20.4409946492
12.0020301344
14.8261207898
1.49350327059
-0.19233716215
17.2026261396
6.61275488316
-3.13127671916
15.207107079
4.08500432802
-1.83247715401
-2.9297874014
8.11860968265
12.0639006723
16.8614541904
14.5630312594
18.0812168288
-4.72619438962
4.27949034625
2.33855541332
2.46275895173
3.17328999118
13.8225297193
8.53351498085
3.87598635075
17.3518760871
12.4118738136
7.64203205942
4.27626571446
-4.39837730396
-1.59783104403
7.36040738466
20.4530426626
0.426040640558
18.7203390483
-5.07267669404
8.95333095771
9.19399117408
4.31425698131
17.0650541903
-3.66196305601
15.802608977
-0.75769084086
-0.213821938142
1.12406017664
17.789203284
12.3042876053
9.99269494766
5.46063092621
10.4595360828
15.2890393614
-2.48378178235
9.02556985946
3.81289167552
16.2553622098
14.1823515746
9.48488346166
9.51056792245
15.5004643153
21.3035683337
1.4700153334
21.6566374993
20.8844114678
4.19467147736
18.2620961787
4.67933244972
6.02313630786
2.33219576821
13.356814231
8.48503304173
3.66372405816
4.49635197234
13.0054729679
-4.24131250167
-4.29817553934
13.5173249348
19.272054607
-3.23271873997
1.44783451933
-3.52014539746
3.74035329441
-4.10912955257
14.8676840544
2.57482456538
12.9561182693
15.6083855484
6.02090110814
2.92313376041
3.02941347886
5.78779362048
17.7228366598
-1.90601735518
15.1072793394
-1.19963533006
-1.06583045724
4.78731222678
21.3460169444
13.001528477
-4.95825319696
-3.78831154425
17.9387688726
-1.70372269547
9.34941954269
22.5532538044
19.2964308786
12.4284117527
17.284408096
3.98259379036
20.6016830431
-3.52025221549
18.1777060954
6.53691721009
0.0771338894862
-5.23193345742
14.8295490864
15.5487718998
8.73297438634
5.52545797661
2.28966396189
7.79385721903
1.21713186667
-2.45864326992
18.6690535583
4.81112722985
2.60040743619
-4.73262991052
-4.23099851554
11.7432909339
12.7926566305
-4.93663071122
9.83537177379
5.41262464277
8.83977461435
-4.3901905396
4.60917889036
13.4584630763
-3.96465639866
11.0626016382
13.203726543
8.63345767486
2.52210345695
20.7886082957
20.558968387
-5.28364608469
14.765694884
-4.51407781762
20.0820912312
3.86190205316
10.8519408777
-3.75114859665
14.6009886882
1.6384703375
5.53211948821
15.7891741668
5.08446366338
14.9521275454
9.93355336867
16.5264678397
7.47542690973
-6.3715037408
12.7442930105
13.1105630624
8.96415102233
14.1793050123
10.3623130716
9.36824754216
0.515886989517
-2.95805935635
15.9871018665
-4.27345736449
-1.82122884893
22.8056689443
15.5243272451
7.3434999674
-3.30124320434
-0.234410596266
23.6958764758
9.74660013329
8.28067678997
-5.16876992015
5.88993988496
1.01128774918
11.420876994
3.27529113468
13.9089581693
7.05424653554
3.9337725258
8.67114720061
5.66669769095
8.13885312835
-2.19060399185
14.2473763043
17.6828178693
-1.65353951198
16.3420559812
2.77831537116
17.3082045297
1.13541295801
9.50562840798
-3.28128644399
5.22679830131
1.01265004181
15.6536814526
13.6678126265
17.4917093033
-2.15216399542
5.80499907948
14.4648025685
2.28773116601
15.8452255169
17.4009378853
-3.40492633826
5.09240258346
20.925864439
8.63559563698
14.6890654527
5.98630617783
-3.9908433248
7.06664516949
8.30499631062
6.75277826406
-5.42017592429
-5.55218254638
10.98439372
0.774996028789
13.896951913
16.053855512
15.7301445556
0.30165294955
17.0243706896
11.0904910033
12.8073404443
0.682101772787
-2.93582749497
2.23480532941
9.81603744656
-1.90671712207
-3.09275934094
1.92340699499
7.24739879295
11.8701214126
20.1870592523
18.8176981621
3.27672175157
0.710157516684
12.2694256946
5.24755923377
9.56187772299
-2.185297224
18.4402170038
7.860569172
-2.59247933613
-2.17932980093
13.2437598209
11.4428701119
11.7559265352
13.5340627225
15.1838521001
18.2382465414
-0.160282880422
12.15028464
0.933037225089
6.23686307706
11.0459995979
11.9798300289
2.48936912872
3.14328380539
16.1484652919
16.6641365239
8.5021783984
2.20741712397
10.6077899555
8.38838956439
11.4412800743
22.1844438923
1.21766121053
12.2937370895
-3.77024516648
3.36593488987
19.6535119243
13.1116285426
-0.248865030546
4.24321309737
6.51467949064
13.9310591437
-2.36112076442
27.0993280208
6.66044455972
12.5913520341
-2.55740722091
8.6860923596
0.308698277426
-3.25308216758
12.2982561008
-3.37800096764
14.4598952707
-0.653111093226
14.7033374655
9.65883625631
6.52067231883
9.38954517899
6.83226250156
17.2504087131
3.86185945042
-5.33992606438
5.24925086264
17.457837199
9.04057950197
13.5453812621
-3.14113883314
13.2733824083
7.54722194252
11.2819266114
15.953348953
3.66304740505
12.5373676966
10.6403720716
-3.9333482641
1.53088824438
8.93785416769
20.0459257632
-4.65177299802
-2.55135235211
8.05634746217
11.63944864
8.93244210956
-3.53368947863
-5.33751558354
-1.31889898511
5.4787241552
-0.888670086154
1.0197227953
8.28083706789
10.4858232975
-5.15936925848
-0.698410056104
15.0361891164
3.99630676846
8.44034640359
6.37971035083
7.81870715196
5.93097961275
-3.95981273464
1.69061859289
4.21898230723
15.5118100876
15.9082587127
-2.39967775608
-5.53878574763
-3.98658197179
19.0756534866
-2.06346506935
18.5127792954
-0.680112313294
23.4265128775
19.7382096384
9.87946078321
4.90070664394
-2.3632571104
18.5932475557
15.8867566595
12.8318554045
20.5093418652
-3.20443774631
-1.94617849415
-3.26844558968
16.1212989797
9.46333788865
-1.42966868236
10.502771945
-4.40102409676
9.37108916273
8.52563001339
13.591790404
1.30742452603
-1.04886418407
2.72468878448
13.5632265999
11.0325914893
-1.15539067988
10.277386287
3.32610496999
13.1771954296
2.54599207867
15.2331179714
10.3641327631
-2.21067949007
16.8203742653
18.6631998805
11.8136315175
19.3951985458
-1.65554452052
6.98860638559
18.9887808509
18.8827377752
-1.55953545784
-1.82438978089
3.76043636578
3.53980554549
5.90665664589
-5.69269899023
10.9154808925
-4.8835827578
-1.93235859721
7.607395083
10.4123994338
15.2881823292
6.00905245255
1.32695437121
-0.766415937754
3.73581357617
10.5946307553
10.2771065029
-2.82168109819
14.2649333722
-5.51067936272
0.698378755082
-5.17496868164
-1.76042171223
6.52416308469
16.1125694951
-4.21438663876
1.7858972079
-3.36299645009
19.5534314704
11.3935293812
-0.385583626886
-2.09198007373
11.5872141654
17.1080672054
13.4032057062
4.39294152479
18.5814946542
7.48077549784
11.2832332289
-4.89259451169
9.59973639005
10.846849086
7.41594464194
7.99615466722
7.30751329121
-5.37698826503
-1.82693774489
-3.22378861255
2.2893241001
14.2977359409
6.1804931331
5.97032283867
6.25982079342
