41.9713837362
28.0910055553
5.78688756492
12.8968462306
34.9918603416
27.2718312731
25.7069214669
11.6778802588
10.8243557319
18.6212379817
10.5063735632
21.6681117613
38.3402405372
25.4274687437
27.8616005767
15.7569791259
8.94856422078
29.7091621601
14.0439917499
29.3841999069
11.37533296
24.2253391188
39.8687942578
27.2299956651
26.8397991801
11.880403899
5.91103954861
30.8042778671
2.89834116282
36.9766624259
32.5755158236
6.20906775335
42.0150185387
10.046440737
46.0198731652
19.7161458928
12.7282926361
27.0211055451
11.857806521
18.3203101517
24.8035825953
27.4735244793
24.4733665026
17.6654409247
25.9290177728
22.3350111526
7.88984873852
10.1910226958
10.948633346
37.1971351744
46.4313649615
40.1161950723
21.8925733234
24.2026654934
25.8152183479
32.9541752466
11.7248142274
25.4608817674
10.0292982106
28.6274315276
13.2493124231
26.7582699411
13.7082387051
19.6102372856
21.7289475123
7.10473026556
23.8204493592
32.2776885407
25.5681975289
8.20686285159
33.5765015894
23.8301158239
14.3455639504
22.4096299045
26.6048588027
26.3371946933
33.4195952526
39.5345092915
14.0172968774
21.1772809557
14.8552978765
34.5786761782
24.3952561716
1.71927686011
28.9052455828
40.7317066677
13.5566023393
36.2899161218
9.82191765923
38.0713890779
32.1401719133
20.7534632514
22.7318945763
1.72417365628
21.0280570722
15.6446939995
25.2469827466
20.04596375
19.1572624857
33.0790030835
34.4767952457
14.1711962722
7.97036276647
13.7827177878
10.7889706634
23.8162274909
12.108308329
35.0753105005
15.8521281102
9.02333869402
38.7810651336
37.3255041638
45.6653604054
32.2609955805
18.6218552511
9.93180771291
13.5111594412
11.7459420065
44.0697062024
25.5636293913
20.5162973841
26.9819555761
36.1541307347
21.9902187093
36.217680165
35.3452662702
24.2548190001
31.656028172
30.3928342285
23.4980994551
39.4874359207
40.9620143041
22.7143698295
20.8256328795
29.2383927413
20.6119545134
36.407659509
23.791512495
17.5951831969
14.4939099424
17.2014998236
35.035106513
39.5784105488
14.1698593081
27.108932424
27.5450667142
18.7954582961
8.48970511943
13.2602836393
22.2525265245
24.1294080346
16.5413899431
29.2185429711
26.4728564394
12.9860434792
11.5016980608
15.2639554261
33.2399380532
33.6098557477
26.0244956733
14.2277560919
19.9311284961
29.230724094
16.2994850051
26.8828294918
33.0521413169
26.8030181996
42.3339692191
15.8023958746
18.5966751973
19.2024354644
39.5015076052
16.4835750158
42.8691824532
43.0899304498
22.4991949531
27.9624523253
22.9818983596
14.0871487469
17.6029771833
8.36621011211
13.7576762123
22.083421566
16.1205023071
24.0994321639
29.0888957467
26.8814765461
29.43162069
20.0354488917
23.0451578356
31.0249887286
32.4533441077
35.3077853418
25.7566587355
21.9189067157
34.9167880289
33.6233488947
3.50039563298
28.1109746567
18.6795099938
38.1668971221
13.6241370585
36.2039661279
27.3982545049
22.1384816192
10.5010225307
13.0244835667
28.2291255618
26.4740126272
22.9336259136
10.3527327818
30.3072993757
29.3998562103
16.9073594669
15.3419816904
24.900395474
16.9204374789
30.0622686653
26.4765243047
12.7020059813
32.6110127441
9.59742264268
29.8883160718
31.4348938119
42.668050286
24.4932827114
13.1625854305
28.303582576
13.1662206769
32.0497281724
28.5302407105
14.434875801
7.71304850408
17.5182773083
32.4095118487
15.07206252
18.2281068254
33.4380508009
33.7538639562
27.2157585366
26.8957264835
38.5873027968
17.8401442208
39.677310354
23.6167280239
11.9885997385
19.1425116745
42.1857407925
33.2365209199
19.12686554
16.54809504
13.0571777548
18.6893183158
22.1289072162
13.4479703718
16.4858088846
22.8476302197
37.160718143
12.6299779179
33.4192618535
6.76288190135
9.34736125217
11.9946607988
14.2274910157
20.3931628443
32.650776249
23.0270502446
4.58006701521
30.7827581402
10.3745014943
23.2652283403
17.0383763052
18.5698691192
15.7339603095
7.89337643252
42.6079859621
2.65271376909
31.8035144277
26.7996725194
27.3364129755
18.4772697766
31.5760473759
12.1432786323
23.2884192835
21.2083550245
-0.313788492128
35.1064418555
24.0491738833
32.8048249739
30.456882941
29.1664928798
38.9401788122
23.5089296273
42.0546101493
21.1310452319
27.4298904459
11.4537333897
30.8121285833
18.9567938233
12.0700244328
26.6838579908
20.6919035582
4.70051831723
34.8582929042
17.2624404146
30.665385308
23.4048386381
9.49437115062
15.4762248999
29.1761773348
24.0908931595
30.7295876216
17.4036004241
38.0527659837
11.5106583251
14.2497640576
14.4869175423
18.5770207959
31.3981593889
32.4097252599
17.2826862601
28.2287033797
31.2729435744
15.2734472949
30.76945343
4.23239420678
36.6190084794
15.9515214941
18.2860263356
38.8709194737
34.2087831009
11.9312903532
27.4025341701
2.67082376372
15.8441279637
29.0554233303
33.4999833571
13.3787736645
27.8343883598
35.6273177395
21.9370676035
22.4843334079
8.32024768695
15.452390218
3.94553951724
11.1101350559
14.3388098369
8.09169529983
16.5013625055
43.9787267177
8.65062821155
25.2737893022
7.14572626312
14.9625356483
30.4212265506
13.6001983714
16.8628830556
34.9060454617
22.9922237099
32.4097522642
12.3457834181
5.94103197872
15.0056864535
47.3667375499
25.936658952
3.60693708081
15.9635882736
24.9376853716
25.1781216516
19.7843642266
37.4390358602
9.19183698502
15.8878860092
35.050239342
34.1119063836
9.3588934507
10.783582677
32.1061665332
18.2292028333
26.375040432
25.9742173264
17.1252534384
16.05757749
8.43715758615
10.0473600224
21.7075776567
18.6419367588
4.84370055125
8.80238538972
20.6705115893
2.24665471655
4.66736114074
19.1729225438
9.02649603954
30.7215299332
39.28869683
19.6642097462
9.16383002754
29.5828198677
18.4288654525
28.9823956335
15.2449303935
21.0508762947
20.1623005841
31.3387150669
33.0997729898
6.71603333157
47.0416923547
29.1701133879
13.0383281772
16.0616119211
16.2436091683
33.3651285405
30.9426909394
17.1427626954
2.87197081987
41.8458123326
10.5787203849
28.4115926061
27.5339842417
29.5202957865
25.373079416
31.5242810657
22.4320617644
26.3315582698
32.642822546
36.116722705
35.0982212557
10.7523802817
30.7154424095
10.0237646196
23.45927515
8.01836803605
1.10157062471
19.4034257172
24.4927007372
18.1256185206
32.5587821058
23.151972948
21.1066948116
29.7229830877
15.3707350374
10.278890049
15.8510206215
37.4712716461
5.78247794084
19.5774346135
29.3756330765
27.6772630869
32.5433821066
30.9670306574
35.8403034131
41.547548453
11.2147428242
36.9882445394
31.6086957984
13.2563863243
46.0279351967
26.8125973689
31.7096386788
16.4954883553
32.2226985079
13.5322978613
11.8904358915
32.2025542726
7.35829997113
17.308551903
12.6146896581
18.0119639712
23.6861418361
2.43261498045
17.7779490411
9.51468064333
12.5110721118
30.7495005432
28.3710456945
30.1044005989
6.99120571876
10.963419646
20.0254052783
29.5618084943
26.7231045771
24.4696138495
20.0278198181
6.16055834945
24.4499475983
33.297202714
30.2506678876
36.0460169432
8.25593575702
24.8883173798
15.9204568247
13.3362730933
18.0291138763
25.4989804356
15.8593698796
16.1065596224
28.6421886199
12.8090618039
29.583557673
18.8472548732
23.7295667443
11.0369812781
14.1024487356
18.3235105847
27.9910562759
28.2985996309
15.2856102954
32.1514629417
14.0349821132
27.9318937788
26.1133146996
29.8537975775
27.7360894296
20.8965945078
5.01658797616
21.6459050592
33.7926935191
24.1355220674
27.073914273
27.134086487
10.5902565453
20.3319184746
46.9412796275
34.3630538744
5.79463120649
30.9937497957
14.9197955101
25.4451327465
13.740784217
16.9557501714
35.0652909993
29.2389368209
10.3876325631
25.6076433224
14.2265540796
12.6986524995
12.0540784582
3.20246716561
25.6291664691
22.41308289
35.5384948095
37.5492300748
26.6370094638
24.276617031
23.8508610104
23.8786348243
26.6252881985
9.98151750423
26.0770952046
31.2473896745
25.2282230164
32.8626836016
35.4203336301
19.0607636429
33.9060727705
37.7447826863
38.3853878642
16.9094392102
14.3307536274
23.4260991909
9.87368252068
25.4568976434
15.4103934315
25.748952495
15.8885954747
27.7763287605
16.6928308423
26.9949393463
11.5163372809
12.5610307052
24.1676152262
39.0145259725
13.1899066618
29.3138201865
13.6757097244
21.3400230167
23.3354085301
21.8786018171
26.5284111316
7.53984544
21.4245969992
18.33387792
23.2923202254
33.3979477825
20.7341854853
30.1327224131
27.1865179536
12.7851836048
15.0634093667
35.1365000755
18.526593071
27.6989802884
20.6210292636
17.1496965395
8.46624907951
28.0203808227
20.9738345084
17.2406157095
35.3061027886
32.5557276182
6.61654709249
26.4486235727
16.9808051808
18.5730955734
18.1064214415
10.1172993119
20.5469631893
29.6332001967
25.6026190424
22.934122136
20.2301683401
15.2842109209
19.1323303334
22.7838982434
35.9199269435
42.3949666249
12.4033799655
27.2060364288
8.32737457818
13.479240364
7.43671311929
21.0908294166
22.0026163044
24.8236224075
30.5772490735
8.69517741826
29.8297018403
16.3366740674
23.7017163584
28.5484853995
17.7037205727
21.7369039007
23.0929399222
14.2342062554
-1.73828844593
6.0272854692
16.7461560481
19.1525812702
27.7344317929
23.14718787
13.7207481314
25.1368607307
14.4330893617
29.1008871292
5.68431525345
15.7447172145
12.9140123123
31.3116387583
12.9272646662
8.56509891927
37.5055783483
31.4084449925
22.0504431674
32.7608908735
15.3122177078
20.061305963
30.5656374562
26.8913674669
9.72943913002
26.9380879005
21.1191890907
4.77977760276
11.2771349678
16.2711642181
32.6722531031
24.580607404
21.6324972763
9.75136642091
35.1785573093
29.3832805311
29.1510292004
7.94616554369
6.61250463427
38.2145023546
18.7750616164
30.857436306
19.741432388
33.8232138377
26.0327552418
26.3933472346
23.0375326711
10.3521890522
18.2744590755
29.9154825395
25.0861697742
9.51686037016
23.7869079768
12.8080966541
33.8786949516
24.5639609882
9.47046136149
15.9299982999
14.8962674687
34.9213344208
33.2582710657
15.4154356769
2.22458481349
24.8007498662
10.5770020437
12.9188208192
29.1551005797
16.1891148383
25.5503933499
21.4303310402
23.0888327993
24.2306181762
22.4442271114
29.0790569467
22.738779127
8.86454841933
7.2457457153
36.3211806759
44.8361146919
34.8765527636
10.6393503224
7.88860840568
31.9498053725
36.9869589176
20.3448809848
22.0149777953
16.3475640561
13.1981752144
34.893858122
11.9737451264
24.3163668342
10.782039601
39.0759499833
26.0715419913
13.6150914535
40.394528177
14.3992759293
12.4586914928
17.6639731537
13.4580114293
6.24701291028
32.3326727236
33.4728979199
15.5874482359
36.518415574
19.9961589014
29.9867094507
35.823403876
10.0940259959
4.10324319253
10.868621534
33.6315278538
17.9120511281
5.90599027308
15.727789754
18.3952557172
14.4539666308
17.3128372472
12.1485376955
38.5937023398
18.2371525577
19.8166959119
29.8832492648
31.13832042
15.7067900819
29.8448705977
14.6977833008
27.8629204378
7.85500409817
14.4924340701
8.86212103135
22.3148702498
26.4051970599
25.8309824332
21.1067672043
25.749606041
10.0456859764
8.45745519936
14.5148259973
12.5232280354
25.8670083053
12.5556373985
23.2317853723
23.4179838954
17.3026535888
33.9181915605
24.7314791351
11.3149673021
25.0813352551
32.6618577061
19.0311889098
23.1243284549
26.2586355266
10.4714250579
8.26070408767
17.4941259329
25.4494577273
23.3183038351
8.01813244939
20.2839773331
22.6348279927
17.0311731659
15.0247737009
16.73998536
27.6478143932
7.08670144975
10.5266103059
3.9625835181
28.6141435953
13.1080659038
45.7176405931
19.1446543525
19.3475612382
19.4761886144
23.9326146286
22.7387601811
45.3029276451
17.8515957992
13.7269795875
23.0937018648
31.6958161619
7.73935623861
11.1977110921
35.3127189517
2.71202525181
4.69309148592
24.7466822742
20.2637071589
26.1474175212
18.8965243301
17.1212202777
5.10790843724
3.73105800976
36.0181547418
42.0835445642
19.7700359891
19.1939129832
25.543848366
9.52180004155
4.16361277132
15.896823911
25.7710849331
34.2667112591
14.2342549196
11.7862708878
2.98808333282
25.8315150095
9.25112506228
12.3832937109
27.8656036806
35.0507669176
8.899054471
2.03757820645
11.7421828594
8.33565291099
17.5569419199
15.6719957792
24.4983327719
39.0725732251
11.5859457883
34.6326026416
6.59245542057
20.957509283
14.5373077412
21.8669838435
25.1303346241
28.2972324331
21.4423949998
28.8315662956
21.6417349452
13.6934845951
23.4440781826
31.3480840223
14.4056037144
15.8396407497
15.6720880999
17.988223675
13.4841957223
15.9311246597
39.5306616718
17.6078435694
29.0537449923
33.9591467563
19.4355599079
3.56452861519
5.91329526065
20.723300502
30.793135617
13.4743687029
33.5163257934
19.2549236279
13.3216283506
27.3371025403
21.6789938947
11.8751229758
21.15682294
21.2510013439
40.5691717108
36.5796917462
28.9623205121
12.8839525665
31.6716516457
14.9593036738
19.4033980976
24.8993565815
34.0772552103
14.8093708678
38.9822619504
13.4304889849
21.6185003023
25.4764974558
10.5958068271
17.3346694728
29.2213950394
16.4704653551
11.5883919969
26.7780851159
13.0855817184
18.8437939478
34.9442110464
32.5961918
15.9452609083
41.7239281487
21.554974521
30.4267781753
30.1583301923
13.7137850729
16.3567518341
22.4108681733
19.4853474981
29.4576257173
28.5917519522
22.5742657003
35.8374005645
31.989495178
4.75516341356
2.58007877579
20.9491790337
31.2180710047
8.42418425056
24.8099450672
31.0431025537
17.0650599173
36.4184992775
27.831605743
19.2783550258
31.3458597069
13.0686513161
21.7171304687
16.9287956318
12.5821598504
32.9852874665
46.7950929869
22.6821190881
14.927948684
29.7171332815
6.90273393953
27.3343352677
9.10725596432
27.5515131237
38.4574689623
36.0119730255
29.8415686651
5.92745889856
19.2986267942
19.4865885983
23.6556017987
13.8869739376
33.0777503107
18.5620685278
24.2759442149
27.0339734727
8.86793287804
22.4140836222
32.4618221109
32.0523414018
6.86802093634
11.3517969033
23.5345285055
19.0616985093
12.9947386459
24.6274932733
10.4068709746
17.4569374626
13.1420645217
20.2473513922
16.7263799311
27.7256994436
28.4752636651
6.73024801472
24.5819037031
30.0409379433
10.6300688733
14.857957911
20.4475695243
19.3526894572
29.959864112
30.8674767267
37.8684913918
9.90828860495
29.8502075129
13.1657156473
9.08672393216
29.2944863436
28.6811862456
2.37202544422
15.0753130006
26.1299664446
36.8748920285
36.8914691176
15.4494398997
21.3721495812
20.6296646949
27.5297098528
8.99115733538
34.1517749632
28.0030154263
20.8645050479
26.2340191807
12.4142323523
33.5887593105
18.6126570043
24.0620978001
38.6711471855
15.9767440866
28.9198898724
14.3026271704
29.9481427092
7.76819619071
26.053862548
14.0014364066
11.4112351562
21.5381052281
29.7376815161
6.61303467047
12.5028920408
32.2193245708
14.0024465744
28.6964078533
10.5761461597
28.1074518193
7.5800386855
9.23766689661
17.2078019421
21.7687980691
57.0139153822
11.5494759424
21.8330318198
8.58290061109
21.0901098941
30.7837003728
10.3539543346
20.709510027
14.4119606446
10.697514727
33.6306484269
9.87663241871
14.4230131335
22.2230966994
19.5149714503
30.0340737356
15.2843982835
31.6780845338
14.0576482289
22.8973397074
12.9652035498
28.2351682224
17.0973815025
15.9197013928
22.64331487
29.3315859454
31.3374890999
37.0235382219
8.39599672096
25.8923121837
36.6218157603
29.09730742
25.6026483468
26.0936073106
12.1826838117
28.7236790277
28.6893511683
24.8385962991
14.8801165337
29.7349142024
27.0932008591
29.6225773236
13.7353294906
10.3318210555
9.19353760139
6.01386875748
8.18503536617
9.62511219457
27.0916838056
26.4933402202
1.93513240499
18.2929161507
21.4355032676
21.5627225319
32.9826827424
9.50365104812
5.10715620274
10.4192742249
12.0323196103
15.5993657678
19.0052655405
26.9494283726
28.1921831499
34.9406197812
12.2569928731
29.1284971584
16.3949061739
10.6724879676
35.8762169445
15.8833182147
5.50491914323
29.3140805742
31.2024001439
31.6851543866
7.53472377081
8.07296669981
36.8059534025
14.485112099
22.3262122584
5.14654190872
7.05729836112
31.454470817
15.3481189758
7.7819897183
26.1705564364
30.3784506638
20.6839673629
11.6564479771
17.6664552434
14.192265429
34.9093840214
20.8571301419
9.67985506326
20.4368641964
12.7910210943
29.9651878736
13.7979738391
37.753425155
26.5700957596
15.6022138422
6.82745932251
15.1069187464
25.5929649774
10.4469247408
16.6540917232
5.56636842625
25.517755302
31.1841250351
18.5008583751
29.768159889
8.32986979799
17.6106456352
8.10083354521
44.7425280578
14.5329726161
32.2075918582
30.2872789906
26.7091423313
10.9169457713
44.4411500006
24.5410524858
30.210495414
20.0862525368
29.8001943009
31.9252895247
6.61653616431
30.8036017673
20.2733834481
16.6255761815
25.7303640938
14.1699610075
17.7219963622
11.4167607114
10.6368061374
34.1296907194
31.6194958301
9.20769739741
8.72038509227
16.0028659825
16.0712173716
20.752601588
18.0374797273
13.7153138752
25.1878589257
25.5656692517
-1.35443550477
24.6100284109
22.782794388
16.0353003397
4.45723999511
8.60503088326
34.2779786248
33.8223131313
4.42627644051
6.80307551722
22.4345831074
10.8991631324
7.11120276984
28.742289407
19.7165523148
15.6581207798
19.5671225028
15.8702852126
18.513378474
21.3570889882
24.6858390666
19.0133595682
28.2128295175
8.73786887848
15.726382586
21.3635451339
29.8868078782
19.9729975938
12.6203816843
15.3389893042
9.00660287504
23.6855495967
29.4665359813
22.6240274694
17.0981532297
4.30191241726
7.51614918282
14.017469097
23.5301735121
45.100988641
19.5057151738
21.0799207834
20.4687501979
26.0762371691
27.8864710897
20.3722485472
29.7348333632
10.4240748026
15.8183561665
25.7811391324
28.3376186068
10.75185149
12.0475519286
24.5753786023
18.6162945081
32.797905414
20.5590049478
23.6088704118
16.9746991003
18.3552460874
12.2177499095
28.1397166518
3.20182549015
19.9648802526
35.5937567081
18.6000398999
18.2172655811
11.5855473898
26.0989558159
22.9636559233
11.9674709022
12.582506152
15.7851933363
11.5497079019
29.5993253365
-0.773459727257
24.4455661867
18.5304509412
10.1119174832
15.3261076594
9.19848354858
31.5168911348
16.5878016391
37.6703905404
17.3191304825
27.6954603789
3.08652042904
15.648485132
18.3582180518
24.3351676113
26.2843546511
17.2762445407
37.2375022884
7.69093322639
28.3084291591
28.1158725877
19.185519377
3.56055307592
18.6207314834
15.0998237419
8.34973756512
15.1725757756
31.0178278637
13.2994778329
25.6944303313
20.3282483821
14.2670451388
10.9855448091
24.0876494929
7.3272073927
25.7542936983
11.0054790397
41.4227083776
12.3583550726
34.1714042835
25.1609790501
31.4334034453
29.5425664629
24.1721544489
20.7014263871
24.8050043078
22.6984973025
27.9358140137
25.6787364851
22.6180145486
24.9239869433
14.1468500418
2.08764637699
31.8814099987
7.51080360567
21.37399702
16.6933654651
3.99724877395
30.0425564773
19.3204530453
21.3405947094
20.755828243
25.630542861
16.5837655304
4.75968861909
21.8495915568
6.53039562304
31.6017422459
37.7903376934
13.6217265241
5.72865959858
22.4396070504
11.2697136909
4.91849121967
28.9672563081
4.83330995189
21.5707635429
4.09443410761
25.7818063091
25.5178552674
12.2264026441
13.5358484695
31.0881369003
15.6847305099
22.1646854099
24.4245521927
42.9734332583
22.2494099535
42.8942696797
19.778030834
25.5962195256
14.1357788864
24.0045706148
25.9997690162
13.3780128849
30.6642402393
15.4146984082
14.4621223538
41.6274198823
17.5156012468
32.6659720101
28.0577906494
3.55741772019
20.2125827205
19.3065252066
25.856602245
15.007423341
22.1538417436
30.2011992577
38.5116810466
4.60362684632
32.012606309
9.69628270955
17.3751161739
30.0840064082
27.1000418944
11.1959997228
27.1652302399
30.1578510445
13.3064226495
22.5843739645
21.5904183922
7.37137760648
26.7297115461
23.7642662827
15.8705848039
14.3236326438
35.4736332515
18.1144968603
26.0757585253
58.3615531956
10.0816959767
36.2983893177
20.0719358161
2.89634527424
32.3417561024
10.2427323711
6.92542559465
12.0193420415
6.27760905488
19.4435772609
12.691645539
8.93897397385
39.2597940695
26.8671404541
26.4182588063
26.0869496002
24.4686443929
28.7795131841
29.3082737582
13.3648542904
20.4678775079
25.3196910255
35.0056354973
23.8604509062
14.9513522189
13.7903836847
31.2736719026
27.8146777171
46.9993949395
25.1632964863
18.3636717137
14.8809250857
32.562850919
26.5005885548
31.2279908839
8.88819676149
22.6867715586
8.84661713112
20.9167851034
37.717558696
28.6116085677
39.4545364641
41.7404460233
34.5437348397
11.1526295536
9.02186043537
30.3744836196
41.9761862212
24.4463071829
7.16680542885
34.217951728
27.6059350563
36.6537061315
27.2931601117
31.2665069714
7.89578946905
20.7673786908
20.69325012
27.8413223909
12.4546014219
18.1824474698
24.0322529373
16.9215418489
18.8430755186
13.0165216566
10.8143176224
10.5902090211
20.0002457076
45.6551906144
10.2377858663
34.9611410489
11.7302527642
28.1888767343
22.8284980236
29.1556500111
31.3232404776
35.2418465054
19.9993604054
34.8973086322
38.7572870718
14.0715183914
25.4574622173
3.91914786215
8.29632117976
35.4454669442
10.1758925348
19.7261079162
5.00803102217
20.3363277552
18.0723353079
30.3721256239
25.0383580046
15.1531967907
40.1081642561
35.3324499028
37.3137186536
25.4002687253
27.7821645145
10.9887843296
18.1948783819
29.6627586521
27.4227367224
19.2412623501
30.5411861985
15.4777812543
35.0195038575
24.4338449841
29.1260230602
24.0876651065
40.9828941834
25.1932130449
18.3289039592
31.6695253372
29.2559021009
17.6521782668
36.4114224458
14.5439055356
16.0239596022
7.08660313821
25.5410471832
28.6855061472
20.6448813993
31.1644444083
44.8815465054
26.6104981089
34.1882373156
23.9150882273
27.6884215679
15.495861259
19.2580286115
30.6684622765
19.1261972202
18.6102688151
24.2404296882
36.3440298628
21.4376670812
28.6612975797
40.7752065792
32.0938864189
39.6160900841
37.8900857715
28.5842667649
12.6459183258
11.0470148695
27.3556959562
32.7658756202
37.225782501
23.1585415077
19.9533276866
10.8412813955
37.6950123517
32.2632627326
23.7768262193
23.3604050529
26.6507203202
8.29506510504
22.28188791
8.04358638057
32.0962917918
7.39347766942
26.1581995492
27.2082984268
15.1264860753
29.3449082398
14.0403926067
25.7320850882
19.4620083419
29.7718228194
16.8220552487
29.0582027436
15.1821125571
36.2592762048
15.2373631166
14.7163237283
10.7493043644
35.3213271595
40.1090061774
4.89192209309
27.945751024
30.2501115607
26.621549851
18.5494158321
42.7545667154
25.3183685431
33.3314373987
28.9524343947
24.4321439674
11.0552379635
17.8864218114
22.1338634744
17.5095018451
37.4509964932
13.2176969553
29.6816162129
24.2423003895
14.7630630282
17.5119557339
14.8672906764
13.6676779369
17.371327942
38.7564364072
39.9725155689
21.3426882999
22.6969389527
33.2638414658
31.4223079949
11.2401023391
33.1187083348
24.4460251215
18.5973400577
25.8146895468
17.8114306903
18.9851962605
40.0361892927
9.04803019129
31.609675299
32.1927795173
23.4301244117
13.5933233768
2.70660605281
17.222304302
35.503449438
13.8830831462
21.6835432066
20.1692905136
39.0647670823
24.8141416834
41.8424903947
26.3905224198
25.7007785876
12.4374261689
32.5667289332
29.3882910039
18.9350754981
26.2952001651
22.8023815668
38.7862845965
12.5066134714
39.6762888678
5.7654056646
10.3986189559
23.065536363
32.432890042
28.7275635391
13.2068970703
7.0421640044
23.9937917741
23.365528068
18.1340658879
31.3613822635
16.7302412618
26.1753872958
48.0497596358
31.7719337144
31.0380667744
28.3746298225
41.1660887366
10.3809278062
20.3206655958
15.7118543612
34.1120446255
11.673397534
41.6078583676
14.4361600707
28.0789028558
19.9090342092
30.7414865918
22.5928924357
14.7031163258
7.97719903588
5.75599946268
32.0201530123
19.4877708168
34.6467491428
24.7967206425
26.3995817039
19.3268939725
33.2745038169
17.7581842375
34.7528000923
25.1752371481
16.67514022
17.44482605
9.26678103177
18.6810569248
27.6615455716
15.3535736791
41.5054256086
29.1861900739
28.1376167146
15.4226010144
28.2783379828
6.7448961942
34.3734831161
23.2693951024
15.6679502456
21.3518382737
42.6207696444
23.692205235
19.1855697588
20.5556657669
24.379594389
13.9917148889
31.570154851
9.03479155922
37.9502808453
15.1673048022
46.2304589977
21.9317622023
24.6663583364
14.2168504461
10.7432476507
46.142115292
27.9074285006
11.8648987661
16.4804379338
35.1304760563
14.48162792
9.89549591767
27.1241529431
9.95680839568
30.4273761594
30.1619846464
9.33556117301
36.0490403426
25.7262055581
33.8579456734
36.7263370419
46.5990932154
23.9824483023
35.0192604533
20.7227817331
19.2220315265
32.339720512
11.4908430483
29.180042926
10.2356395532
41.8120527286
13.3378834449
9.5177628191
34.3166178602
19.8754076609
25.1230051289
30.4805669164
9.71247424507
24.0256723469
38.318780712
35.7345605244
10.6322580975
33.9023289483
50.7164680225
26.6189862325
31.8427668731
27.5602960411
21.5763101883
14.3948111939
42.3518682181
15.6476494085
37.4248875283
