9.95161912337
14.3624895546
4.61665999208
7.95318208581
10.9667947545
11.9735912119
13.1322449875
8.44499363919
19.6749972831
13.8887418873
8.02696718854
0.956512903466
4.92174684475
5.17755957497
19.5313996966
14.8629459491
15.156239444
1.6720789555
15.0908256951
9.0150447059
12.7057281558
2.75243701846
15.460999827
8.9749585906
19.9949772609
8.11911855665
15.9859036134
5.17287787982
11.3534248718
7.60043592381
19.5468508014
7.31211856691
0.501526461302
15.1757832995
18.9101153453
8.01950285003
1.01512191226
12.0427350378
12.121793328
9.53933276555
10.1657824651
15.407168814
7.03955599246
11.7350648526
15.0795995575
16.8603512987
10.8255510447
6.67855624836
4.42732564801
18.2065242416
2.48259150519
15.3244139521
0.649949541845
15.3482615003
16.1120275482
2.49458167757
17.8878770656
1.29713686546
11.564057014
3.27419525332
3.11876484217
7.40297911878
2.64434253194
21.1120217815
3.24799597187
16.6215691573
15.2174021016
16.9776150063
13.4491621427
20.6578804859
5.12002239328
15.8020913453
4.23180101979
1.52823840905
7.84656104957
11.9007769953
9.36274147039
18.3146447293
5.33865327331
12.4398761233
1.22463123292
17.2734475259
6.36450002277
3.09270871321
11.587376952
18.0224196824
2.34162475071
6.17550550016
15.0155840337
16.8431778241
6.34534749885
6.71321208514
18.1325934337
20.738960683
16.4818889705
15.7438475833
20.6831339689
19.934537743
0.0900102003825
5.85761195798
6.37333486027
2.42514766858
12.1976415852
19.42717714
3.12132262394
18.9961403763
20.1073604772
9.43980183225
16.0392312688
14.7412176526
9.09476722761
3.07418505187
5.22429385697
10.0885416265
17.9951872118
17.3853230936
2.75360776437
14.6849489352
19.3826501997
17.4576280072
