17.8156805016
50.1679459672
-26.6544666861
5.58214108073
-9.98884805398
-15.2537111637
-6.16681250465
11.2379415003
8.03647157112
15.8145902847
9.26449754701
23.8310917352
-6.60927804709
49.2505636108
-32.3025239362
32.9687740804
11.8392985753
21.844388173
-17.6239068496
-8.34439354471
19.0063298857
24.7873828065
2.18878391434
15.2646617461
66.8148429116
68.7580441071
-17.5952841206
-22.5008231218
-7.75639175793
73.8695584033
-14.6724151696
20.1222567006
38.7615451882
15.5051367787
24.1956392777
3.58740592086
34.2259511668
45.8403829827
-33.6228944959
39.2162165395
52.2853911749
35.2526158168
2.15436441019
38.1620186311
-48.3903226572
6.82935403211
22.7282920341
1.505134937
4.02936944921
-12.7969523074
-24.6008578272
45.7424568469
-3.71247252607
1.82828714217
28.4090035314
-19.0246366024
17.747542062
-21.4586316523
18.5791798594
24.6271886406
-21.4272452999
12.8635974672
34.8453282281
12.8732639614
-32.164064756
20.2314151378
29.2821143463
18.744837223
23.9706350641
11.6145968355
22.5490600475
-37.0987751065
