32.6084260831
-2.37704121032
-6.54022573716
6.07379038943
1.38319943897
15.2473226466
3.04504666235
2.96638379594
-4.62205132198
-0.00337601140823
32.9755759139
0.698741375891
23.1042779717
30.4113969687
27.5152697871
-1.45398997075
-3.05017945465
-7.49280692933
-7.76127677934
-1.83434657128
31.9378518497
5.23891107532
21.7817716876
9.53490955448
11.0811863816
29.6549724668
-5.99694300408
9.17730819263
-4.62697557757
12.3028805187
2.30489680177
13.5355351215
19.5511193793
5.37802677873
17.5467958535
18.4737786019
7.99594481738
7.20852409584
6.60537213958
7.34715513711
-5.69433870778
-6.45771981819
-5.73897493589
24.2692425615
-7.38281526447
13.5860298788
-3.92358754529
-7.32943777995
21.2095221822
10.6730164038
30.9165497907
3.40334644785
-2.32854087624
18.5193050587
4.3135512434
22.2308741691
23.1167787251
8.27198246935
0.803340853685
-9.64674465901
5.70748389372
-5.89280344794
22.4626606851
9.85226576779
12.7241541751
20.4421277782
8.24565549055
16.6273726159
26.9938620618
9.49602423235
27.2189952441
-1.26295310192
-6.10890019326
-10.1542346398
28.4988330091
16.4934918071
-1.29015307362
12.6955705022
28.6207859348
26.6950801955
-4.09214931525
2.92169723092
2.46661031696
17.3767627112
26.8690080283
4.35720130904
19.4867328852
14.4672663396
36.4737841231
-1.62583606188
-9.15364676434
-6.57039220184
8.42106417191
12.2945268305
15.9907433027
31.1354020828
-1.81631769444
8.45482670346
33.6990425522
5.59565909632
-10.0264893291
27.7217027759
15.5904071218
30.7601949147
15.8558009207
29.2805314674
14.8923593129
-4.72410814638
18.2773215249
12.6437993529
-9.32496414443
24.6851920858
-4.97586194279
12.5782204666
19.5569902543
24.1274200643
32.498942547
-4.87667173223
-1.548161914
5.42689670545
8.2383668408
18.5148885991
40.5096370027
19.6858500262
23.5800390964
-5.1412256271
10.0208412379
-4.03977916685
-1.15658093161
32.6763990977
5.11954117829
-0.929600880873
26.0237931223
9.20536656785
18.2663240997
5.45604168868
19.9011650256
4.90751092904
12.8649332179
14.3474645459
-5.20946073047
-3.50095961775
23.3054142274
10.4589532918
17.8847457424
26.437123991
-7.12074264973
2.34818598265
17.5732998022
11.4395417519
23.0067084364
25.1217035784
21.8144713027
-5.48302564428
30.7090223797
26.1891937247
-6.43026955126
3.95328011662
-9.12524576482
14.3718775239
29.8077020096
39.1600515916
39.1259735062
-5.71562054205
-2.18157159506
34.4989857118
26.9285868328
-2.77418423804
10.2652141146
14.3029262895
-1.202216579
-5.46798853901
-0.0381499750817
35.3949155757
28.2446425999
9.1432559287
28.5393069045
-7.4621935196
25.6765914192
35.3449924023
-9.34941292389
14.5448965268
21.26232863
-2.20029693684
8.63001693213
0.118145156189
24.2029423309
29.9033942982
0.522564255805
-4.98160001088
-3.17834217397
7.54515393875
11.0173382831
-4.02126082311
21.9937166849
5.63793885523
-3.53923048915
16.6073862273
2.92313789137
31.6192888027
28.2727602796
15.8367655954
0.994574182861
26.3032833605
-8.11251681406
35.1826538653
-1.36372406631
32.2003317806
12.954039993
34.5571607919
10.1574437236
10.4324502079
-1.73140685677
0.520027139471
15.9339205971
8.75437756086
28.1108654449
13.0130067587
19.3322187135
-1.9116819417
0.680965351323
7.85442594408
-8.66398919881
21.5926734539
7.98636979911
-8.89933211131
20.1284732817
5.40671923632
-0.953970960008
12.1834071704
-4.50430958997
29.4841769616
-9.98671216418
20.3901225996
25.964207769
26.5713154343
11.8786792125
6.75885983344
21.0154058761
23.4845761737
