-39.8176147894
-39.3747376494
40.8840723607
40.2636829105
40.4609019559
40.297166312
41.0288164156
41.3803520632
40.303428141
40.2284543353
40.2465386539
40.4203455844
-39.5109387059
-39.7675623765
40.8171632228
40.3802771273
40.2388950175
40.6351918914
40.3349336783
41.2817920602
40.9154875172
40.5539284244
40.3041139655
40.8454666664
-39.8387078852
-38.8603380317
40.2514749698
41.0102968448
40.4642570348
41.1112232371
40.4644393467
40.4710720213
40.251592852
40.2825630408
40.6255808391
40.4320258277
-38.5125370611
-39.3171031088
40.9459391562
40.3163311547
40.3603978615
40.5040634092
40.2133285025
40.9583587167
40.5071835227
40.2104934529
40.8949281196
40.4495405194
-39.7007544726
-39.4414759845
40.2504456544
41.4448680567
40.1887749501
40.9040287003
41.2050482355
41.2433676991
40.58288494
40.4476443796
40.9336505988
41.060418447
