3.88688350192
2.30342357412
5.35517670995
1.16392092791
1.39863279195
2.57563410864
2.74902168213
1.49873166443
6.67471148777
6.01636037896
0.77649318051
2.68443145233
1.69042873
3.27722800223
2.00753131322
3.64578497967
6.70300224492
2.77906379834
4.72338689907
4.32737482457
5.46317925708
0.448018029403
5.41137838095
6.8749923984
4.38505007973
2.08935877923
4.88497396255
5.17325851355
4.76931791277
1.06749498162
7.07260635054
6.94116143106
3.08503812293
4.31296201235
0.287914060023
7.18273955803
5.94844002566
4.62438982131
5.52952017568
1.36609660307
2.23520741412
1.79012736437
4.33048443088
0.667717672889
6.50688838581
3.35858019511
3.23170181124
0.760760572494
4.97604336453
5.93499194066
4.57388011143
1.75837040632
5.70632870962
1.058406928
6.01042286905
4.21900726208
2.10238454005
3.72887481456
4.56880333912
1.87873408388
