0.185691575675
7.91951941277
0.0610408452376
10.9729208286
10.119256204
14.9165760095
9.16972245298
5.94856874348
14.9830756226
24.1107385029
5.44184796486
24.4505341819
2.39555209606
4.76959787597
29.4402993869
26.3239640206
6.11482960642
16.1616706447
4.48973421796
14.3004344318
10.5702823981
26.1926667718
11.170478793
23.418114967
27.8708232402
21.0318197036
5.1176399229
24.2386546333
9.94705925725
1.88506663518
3.59212568656
10.5363129877
27.4575320649
21.2069874825
10.1731889487
21.6129196631
12.5050137144
12.3855436287
28.886457918
30.1147976545
18.5733663718
22.3824455831
10.4726292486
10.3885782332
15.4523920398
16.6162479622
13.47965139
4.42412706864
28.27175731
30.9999056951
19.6941127712
10.1682638104
3.83982733064
14.9884845571
18.0813114349
25.6217553479
5.41520491132
5.72435209379
19.914085892
-0.0795136437788
8.30155446787
26.633647038
17.7696600489
18.7938889203
15.2366826979
8.34990068188
7.77732999839
5.61178569509
25.1220612316
0.597405325805
20.0095563016
23.2858072911
25.730277224
5.34421306206
10.8663937078
25.9895520568
1.97088778737
14.554438489
7.15108834602
7.88908960035
4.52388064918
15.243985958
-0.378119959696
1.92936500262
3.51444149711
28.8255581759
31.9477183666
0.574817823815
23.1286653949
2.03041582272
16.4665039831
25.826192421
25.3219165315
-3.08358143279
10.1572092255
15.7949591609
3.07640280599
4.18601865668
5.92533291914
17.2930177161
1.30057517445
23.082238146
24.1171371924
14.130214981
7.73974980607
13.8697139951
15.5597700393
15.7078639134
11.8025340253
7.45167974994
19.3414168189
1.04648978471
22.4792813335
24.0621032982
8.75301214147
14.8276544466
23.4725446132
7.87108852896
9.65352039601
9.43801788093
18.0069557066
22.9485136263
1.05934505354
8.38017630342
8.47484337199
26.9645692086
8.17326726023
6.05982881729
26.9470071394
32.0583351435
18.1876623404
15.9595432814
1.37315077021
17.8511076496
23.0206731059
1.06576483643
17.0910623478
21.0360617865
-0.863667568736
8.47193188887
11.1523886441
13.5146167644
26.4312290777
6.29259647624
5.33752806562
17.8605568242
21.3226765122
33.4544446154
15.2699606379
22.5466168995
4.82349412825
4.59258960428
29.3316055602
3.18994352907
25.8842432281
21.4363409995
5.20541035312
23.4278595946
3.15361574772
12.8521764673
1.97378027752
8.92978172174
12.5681697139
15.8075029084
21.8294401701
24.0683867976
23.9458559848
26.2031611397
19.553376536
6.86988691433
26.7933074728
7.75734627155
5.042669404
3.44033599931
27.8249330239
35.9555424645
23.0299289352
7.22299032739
9.53967367461
11.6136870288
13.9359445691
16.8168392687
16.9058762608
25.475720767
6.82288337249
26.9233206596
7.64174424501
23.5192904302
31.5832211198
9.89807805942
6.22959281895
8.61154260339
2.87878965572
29.276286726
13.3101827519
16.3427262168
24.884856602
6.45931034543
9.19226807721
8.677727838
2.34018881545
9.0605465521
22.9224399904
21.7448245685
12.0181109799
6.16891741862
25.5764210791
1.70504360193
22.8297268792
-0.643258463002
9.6877032444
16.0937744455
1.59032546052
21.2047195893
10.0140408617
14.3077231634
6.1597917281
19.4990216762
16.9479184106
12.976383113
3.49222617234
17.6692905011
29.0894725355
8.59103587584
23.5146103672
33.2662288549
28.1647047744
18.0617319958
15.2004690575
5.71537771499
20.9455436714
23.4471537743
24.1997594513
21.5849726586
7.75836494641
22.4162208114
16.8463747598
10.2999314957
28.029151602
30.5319920959
18.869723381
10.3790084649
23.0519937675
23.7078982932
9.31259590874
22.2879330567
3.84509661105
23.3296930117
18.3825204071
22.2739235505
27.1641349241
9.60586362952
26.6943095701
11.3987348865
10.3045219931
16.9199940594
7.14292067986
10.9012081486
25.5172284937
16.5997175143
4.84081724241
11.1171768264
25.8322658537
32.4824941559
34.3404587543
26.5379062473
3.23550578301
20.9874517812
31.3612194144
20.627824959
7.67221998998
8.50054874722
20.9267417633
-0.666116727559
14.1345958604
6.19784206711
19.2199712287
8.79021812485
24.6566692755
21.520193826
8.876509734
6.56990416382
16.1987659959
20.4063655765
8.66100296867
13.3820177438
19.8858022629
14.8452783916
12.3195026519
19.5535521909
5.25697748049
10.6601369041
31.1563391472
7.51803763401
15.8721930522
11.375834709
3.07283631567
8.74756101042
2.63204242808
6.74005487658
16.9130849638
19.3412635934
14.6168065637
11.4063066721
30.1598518704
18.6066108933
23.7390863567
15.624215013
20.7655232915
10.8501884665
10.962674938
25.4762362999
26.6251578384
2.58804686344
1.54130275012
7.08161541759
13.2233908477
21.2064579207
14.0939939372
21.4893970567
27.4138629927
37.5383735128
20.0131574979
1.82365807127
16.9637379255
1.35442518213
5.81335605415
-1.15053301759
13.1041253507
10.2871812218
15.3791743129
9.5194583521
6.47465106699
9.86731867504
21.5293190841
19.2369721151
14.817157963
26.7412979982
1.83996368312
6.1914829445
6.42868228336
9.3959592336
10.276657492
4.07811106078
18.3523069259
27.1870041553
25.1987950064
11.2511189446
13.6084714752
20.9276002858
14.1422544884
2.60117854489
31.5254587559
20.1601724141
-3.30364621716
13.0421753033
10.6349234077
26.0749327987
21.0970663102
0.542884970298
6.40805091797
34.1936480056
21.1270642815
33.2029118537
23.5646535198
26.3229235398
3.90283855096
28.1235748257
17.8231330105
23.5963996694
31.4166639372
3.22468811023
3.81563357982
20.0294774623
31.7612301252
6.50534536073
29.5196791503
17.1663454645
16.4727555789
10.2543825062
19.6001820702
21.8613309447
22.0881823301
4.81736619048
-1.27371538752
19.0437207862
23.1633209969
16.4449436724
10.1724642379
16.7114558791
16.4189585269
20.439101458
7.22123584368
18.0556850884
14.7276633383
18.5610226856
22.1892084241
6.44604000364
5.08686948058
13.5095935873
16.7443255811
14.08769439
4.20454218668
20.3316883286
17.0548350315
10.3849211177
6.96669658734
6.54696705461
12.0143751747
0.812740935467
22.1965450754
21.4056668721
25.0999361464
6.30147147908
6.71987083749
4.96474633478
4.06161516051
12.9196869721
19.3843074402
8.23452344864
22.0015359
24.7128337575
21.5439727167
20.6368967975
9.76378631657
3.75831430796
17.0281224957
16.5662309239
24.6832430074
17.3552301078
3.89188664891
0.128464163087
10.7684691877
3.44961709359
27.7624098237
32.2918763055
1.40327946467
18.6345672136
21.7373624408
21.3857500367
21.3565018482
5.87675227328
25.5043133306
5.42540366759
10.6902933087
26.8320436636
-1.06037570308
17.6361121068
30.0423447236
19.4936308287
14.7869711767
7.69769983181
-2.49027242974
28.331012265
10.0484134001
3.52342906514
19.6787995783
21.1684529202
23.4048147626
32.6783966031
7.76021763173
5.55579601059
21.7544119929
16.8547502104
25.4390510593
3.47982777385
5.66308423046
8.32238418673
1.18743765796
26.9265962941
30.154703874
4.97616563991
10.1097352928
8.01656530713
23.4029897523
8.36227046062
36.8009584873
29.5604105424
17.3994345972
25.5219235627
14.4261160126
20.3999695258
28.2332881825
16.586721112
12.9055937786
14.7706807409
24.9080149858
9.9466943976
15.7981551204
16.7416345992
18.8769203827
5.85146074606
17.8754986739
20.8945649394
29.9227013312
9.52320162336
9.36599728405
12.5075163192
14.6109376743
7.88763874883
9.2989052731
12.8432364812
13.0223068357
25.7796815128
19.8310077961
26.750548173
26.5097377439
25.3231042558
2.54416501716
1.69161560549
11.9894746235
10.6461257029
16.1854985707
15.7645938982
20.1157301017
8.97722070377
-1.82316986943
13.4680528568
17.7906990399
14.3687097624
-0.65996263219
7.77592202738
25.6284222339
27.4867547426
7.85072036991
35.2608112279
18.0967938665
13.3492516375
22.2666571658
0.919496827119
23.3192029032
23.9450565182
8.23471957801
5.20577163389
14.0984851066
16.6784001418
0.288803220605
6.37120265108
22.2782026225
3.7703997708
28.3024161599
22.4307411853
18.1575140827
15.0263459367
29.0353798753
13.2942842026
8.25180627542
32.9260555143
9.1385399823
10.6210945778
5.25561956925
13.1247807991
9.82520039397
4.28005257263
4.16265548093
2.65384778788
6.49020286207
4.61949541509
18.6040609722
13.8477811002
20.007500529
2.89368115306
6.00401427996
15.2975824226
23.9619515575
3.66783101673
21.8172278164
17.3225955311
1.6098499623
3.33412955962
0.430810720131
13.3956913038
3.49235694183
2.42318943991
1.17854177997
10.5027795422
-0.803716097587
24.2891250676
29.155606924
7.98188309187
15.5062183483
-3.38395663644
20.6349206424
3.1236470443
21.515524285
7.99189118291
23.5693203644
5.03614746865
19.9716862066
12.3706889533
25.7329051868
18.4898306459
5.80207812282
15.7330592427
9.10957881581
25.2661400825
21.1466002545
11.5105892142
13.9850930886
24.1828004512
13.6729455834
15.2119804597
4.71878296191
22.5181615125
25.514391469
26.6192955823
9.72209592314
20.0435681184
20.7631095832
21.7447922288
25.4032065498
15.1738775789
26.3584507607
11.8694033555
15.3523211984
21.2933161501
18.9984986435
8.94267516418
17.1422484325
19.0752358563
6.31846500977
19.6127589158
28.3495475939
13.9317319817
27.7026128524
8.05523521738
9.34617967389
2.12480490704
24.6046139603
6.47686054441
22.7421504101
12.6880608777
17.6484019016
5.62974960982
31.2333259454
31.5065826201
3.42134191552
16.8187036897
-0.383635115242
1.62946712932
7.77586435835
3.01662689839
15.6104080024
19.3755465352
11.658075798
26.9380465853
27.1155945175
12.3772578281
5.89924807738
15.3491054683
1.72185483733
32.2784822106
-0.66555031572
-1.86202520272
13.2925808605
1.93843190738
29.432442795
19.7363162228
10.1458329007
5.52822869172
31.0894912472
23.1791096294
-0.430822733212
16.0423620506
31.6014041547
22.7449949488
1.38608846291
8.0779794816
19.3858217666
1.67985696435
13.2201763219
5.60312292926
24.0181070546
5.03874572248
6.82887314951
25.8459044759
27.7237507085
24.2318556004
20.8505186438
26.3438741196
9.58438888064
4.79288943026
9.01246693975
18.5735130239
25.5164360234
15.9978757659
11.8157511339
21.667372469
13.8372985407
8.58107516202
16.4957437161
8.3012081822
27.3116456794
26.4688108659
22.0007638941
2.62182350307
13.5659360411
26.6169910602
6.6932670085
10.0219777372
24.0022456304
16.8505203062
-1.99984643964
4.20852745517
15.3388498073
14.4935111658
9.32487802578
21.5378157293
15.0835538451
-3.06401422286
-2.4648066061
5.13848724683
11.7060515473
7.90501986673
13.3341976276
25.1287844026
15.0964011036
18.1033225567
11.755306675
18.7218103184
13.2120490102
2.67209855877
19.598854519
7.57987191409
15.5461639622
8.26732361135
20.0229430376
27.549131849
16.8557592075
5.38508699614
13.4371793432
8.95757316284
15.3257406279
18.2635201412
19.8222386624
28.4934194458
24.889167462
12.2350852556
14.5754570938
18.4177886927
18.001788851
20.4573867529
12.1114306427
10.959360116
8.38730731966
12.1964565291
12.382080723
16.5614860004
28.7507659585
17.2194529624
15.8151901859
0.974770380216
18.7848770217
6.94604316909
8.97614306997
-1.62994942833
11.4540016025
5.38262626644
12.2236605891
16.9243074711
14.3622794456
5.61499624183
10.660276904
22.0690275415
1.75902564803
3.18530180896
7.44334003873
24.5032093651
11.9225210501
19.8450894616
12.2733023839
22.9277628091
1.38330636194
9.43261014665
3.45070774197
6.02493968358
16.2609736063
6.00157009362
24.0473152494
28.8403833572
23.3111733139
0.512776174896
0.294592218059
16.2978704872
21.66509159
-0.321383444421
23.5137753878
0.806342259646
2.81370860136
19.9718828358
13.733229892
7.50162168307
4.03634545835
8.96649789871
13.2543187849
29.6117116725
11.714768903
12.8634744934
6.31985893317
23.2955626213
5.43283966563
7.36863447052
-0.385570238083
9.2691872508
9.04972168683
24.5459649429
13.2484415749
10.3654306141
4.53746657296
3.2974055812
1.88277969584
3.48242609961
4.04695262362
13.7554367806
8.9059023599
5.92326528728
8.78509162007
22.5480373249
26.0636931858
25.6335641888
3.23476418159
1.5638924404
13.144465136
25.8995501475
2.10419161961
20.5251511051
13.9636940837
16.0945688159
9.87702915316
17.5555822777
16.7273131004
6.53181226598
18.4256011688
20.1468452304
9.61063125473
16.2768222169
22.7379210153
15.6380423236
20.1660959448
14.2561148657
11.2019877865
12.9048283396
2.20962228301
23.309953336
3.09551972516
3.72018149374
13.453220001
6.24648788345
13.6013733339
9.13454303765
10.4408606454
15.9579214579
21.4448167425
20.6917024637
8.52832869764
4.93170233486
15.5283726318
29.9101630488
11.5015852005
21.3541992216
13.5993904864
13.9687927095
6.41505474449
14.2626456318
19.5660064271
13.7756827388
2.54516047486
25.2808247354
17.0414573284
4.02720864071
10.2460012997
10.6265175638
7.29380083935
4.07526508463
14.4225764969
9.69212709024
7.36006919321
0.226536996567
8.01297001371
2.27287321319
16.9596813463
1.01297620132
18.2604220344
-0.096064931922
13.5429933641
21.9288092761
10.1213904312
14.4960084394
18.0870638502
26.9715180338
19.6606214786
15.616259373
17.5107473755
1.32339716684
15.5171592666
5.71444310469
2.59098320281
13.4408469729
5.39692993774
18.0371230986
2.12871886546
8.62640764268
36.8998788543
35.4318035101
2.48761791513
34.9514049333
31.2526633544
2.50125388814
5.48371426121
2.77757802529
7.69388762478
20.0707913941
18.2773008338
19.2248206487
28.6544695915
26.8857936168
1.97851787467
35.1831237073
3.67764103519
22.7315020867
14.9949748611
6.05697257836
17.5987831011
24.8559978924
41.2151612626
4.38690520675
11.8232607652
11.0129220601
6.76836966758
24.0891263087
10.7396911742
19.1545128452
6.79971922081
20.7830091041
18.4399161499
-2.23983519221
7.19203527476
19.1100313629
18.214072144
16.3190213242
20.0012712458
3.76090913968
4.39106199688
19.4471858997
4.30667353319
25.4609650394
16.7930022833
22.2046330832
13.0331821732
16.0155198261
6.25197136997
25.082365323
3.16903509293
1.56297862314
1.19143058121
17.5867100154
2.6005415996
19.091743677
7.389186611
6.58462764109
9.74864125674
10.2605892283
3.85884349978
19.2434767277
26.7547094429
29.5644954756
15.162520056
4.1227855678
23.8948705692
28.8077307087
17.8586621984
15.7967009453
17.9808341003
2.52054274981
19.2910420546
16.1764100954
18.8987481561
-4.30573099336
23.2221858282
12.0933269413
1.01862049733
12.3222620772
17.2435344848
4.30008633956
30.1149846558
12.0189822882
4.6310429924
10.3182807447
32.4443903461
14.7461076782
14.644035776
14.0536192953
5.67166032501
-2.12174759676
9.35962330052
22.1349956536
24.6500040814
10.4917656502
16.5813360097
15.2137929775
11.8538569834
9.25051530066
25.1484943217
20.4260392714
-1.58991787055
18.0767621913
5.56937517982
2.55508596011
13.7624820943
-0.0891464529899
-1.79963274352
32.1429700201
0.951194218066
13.7309823192
2.72284259006
21.2856883617
15.1288437773
19.6868785263
36.3050889322
4.88309250469
8.25111910557
15.5613338547
16.1702740215
14.4012454114
24.3895866971
14.4271884845
20.641095222
1.38155878008
30.5003935304
25.3028841899
30.4826775117
10.9041955925
16.5312487427
15.8259832109
11.9853651987
24.3134403208
9.73202455581
1.31597696726
14.0747582789
7.39417937895
-1.10425411587
25.1478127436
13.2744211436
20.0016499363
5.10174677339
0.995568979197
15.3713288502
0.0192456322237
6.89285624727
20.4239689684
-0.916163248304
6.27360750306
21.8173532906
21.923756478
29.3667198977
14.1101363659
2.54117182432
8.38823679333
14.1290038331
21.2271448424
12.7327813426
-4.49658954763
9.82996609026
13.2837169962
0.748669000342
2.50565886766
3.24781196876
-1.43710591708
16.8392370644
24.3055375135
2.22477601914
19.6277314078
11.9457637472
11.7422087683
16.5139135033
13.2770513226
16.1661709551
9.52989340709
17.859118685
7.53758529922
17.0610052854
19.6311922929
3.70864893914
8.88242439301
6.89139001653
16.9795337618
-0.673617920568
5.11782611739
26.4758421617
29.8182862705
7.01839597315
20.96747598
5.0820773462
22.5948961803
-0.515031073239
19.5526112992
11.7417315847
12.1631608757
24.7650594935
28.3270040997
17.7576524742
19.399799296
19.2698954916
17.5588189347
5.94972804909
21.4534713273
6.81338335572
20.0268677912
12.3836840012
15.3372300477
28.2231820215
0.966677097001
25.725043041
13.0839846057
30.3684094638
9.95473317842
3.1723536725
5.51596307651
22.0928765168
33.6780839827
22.4885232973
15.3399215607
7.15951556557
21.762062861
25.6179460322
17.7062274602
17.2721011507
32.2784843244
-1.96046784576
7.08899713332
19.3641613477
12.6480022667
31.701785155
2.89529198777
10.3727562341
19.0048977595
26.3152298384
9.14488469832
22.2118678629
6.03649093187
10.571483445
13.6681729306
1.9560090036
13.8836699615
30.5759643572
10.4651363615
14.7777668636
13.1149750823
25.5647364095
11.0126682818
6.4674635389
17.8164757022
3.12276580441
26.7086429646
13.623665834
7.60867018617
13.8184129442
14.4920604072
-1.80890683349
5.45763335682
13.6834595846
0.494375862244
20.0310915025
7.87466665828
4.81510663466
5.03336044174
17.8630751932
5.5570297529
2.85631289575
21.4051549009
17.7167764961
36.3870347092
29.081897973
2.48844264453
5.0726755344
15.5455723271
3.63495130618
24.0536372973
3.33527975846
25.3229734672
11.5701911675
23.1110855971
16.6530070683
7.14725108642
7.56822299112
5.31594411878
18.863850284
-0.199445559653
22.0411293791
9.59765275125
26.213993874
11.980410166
19.1566611581
4.41958216667
23.8048630197
9.10135136275
2.05558120205
21.3107552157
24.6382877985
7.28629540117
21.4843074243
19.1783168182
5.64672691936
7.25228978179
30.5511812018
14.6349802449
37.2102863278
10.6110638459
8.77063825535
18.6486974496
5.06288866135
6.14086959018
4.71540466389
25.5975810846
31.8039763283
-1.23138501007
5.96005652315
25.0850469181
7.16720864095
26.5791551577
-1.81468556805
6.51530392451
6.70824315453
11.7230825461
29.2620069735
0.756079149509
16.118290095
15.8699758043
8.67459958481
20.8984490949
23.0785308288
17.8441666054
25.6690034226
11.3939531635
8.68347253312
10.8401987253
15.4063182807
8.48354143615
15.2530772806
4.46657376596
17.3203935175
2.24188510067
28.4445607957
23.8587434951
21.5908124569
23.7467191476
3.99884874876
11.2578750724
12.4604242184
0.348823150119
14.0808445832
15.1401868608
10.4709034172
21.5877486606
9.6254792342
16.6952172128
23.5466797243
16.9259217913
14.4337307827
14.6357411081
1.87436027065
20.1206403115
17.9351823922
13.9027885317
12.350240623
12.7290361503
17.1830275819
20.6019903893
6.80242467187
16.7049247259
8.55003534674
24.1789733096
18.6510843449
6.78467122803
12.8534225588
37.5341145919
13.4082451857
2.94964019647
0.619857132421
7.04379546241
22.8388637665
22.2825015364
28.4418294255
18.7363639788
25.6159476662
15.3555847515
5.14726562938
8.33396377979
12.9675135412
0.599484565194
12.8195966562
19.6585568475
1.95621066847
2.69271758855
12.4817765086
22.9059303544
26.0506687212
25.0442462259
28.9224118336
3.14173167777
2.88732926215
20.6341504759
27.6726764166
14.8307119059
9.94516456509
27.6616851071
27.5770047516
19.1749706379
4.91709061763
2.99995587101
4.88023277849
-0.169272989017
25.0729296048
25.0162384355
25.7396883434
5.60887568651
30.1932509342
9.92047837891
10.8029878424
7.45098604639
21.3975513617
9.41077827553
2.55657632603
1.89041511234
23.0034526803
19.3741755257
20.2417757106
26.9928607854
16.2808332285
16.7181215804
20.4369766719
26.5202296806
11.9267677998
3.04424174995
12.8239414355
9.83891252253
9.75004227663
19.5702277697
13.5418323592
4.03433951024
13.9337562166
23.9862262725
12.4309505618
1.49827028813
13.4421462362
6.32985996638
11.6082213874
11.3448110336
22.2160744388
19.2992585235
16.0775275052
8.64773125203
21.1684542189
6.25345824287
3.0896387437
8.55749384077
7.40202314867
22.3459855081
5.16662888074
3.10646762003
7.82511949374
17.0137283942
7.58402142085
18.5392865489
1.59201205179
5.97484175811
2.39839929406
4.81447569907
3.86288492302
7.12222596817
25.9205200208
2.95984573488
26.015246141
12.9391861606
16.287224841
11.0697601986
8.0143512798
9.31308288295
1.61848802702
8.38994652964
7.33138329649
9.2668925879
23.7478821633
11.1829220741
29.3574761699
7.75557540565
23.3658077541
3.61937199092
9.35869686502
3.19234233514
11.6325689436
33.7526628834
10.6366930362
5.0858792855
14.9978921428
18.9452029746
4.28149272805
1.25377331003
17.7600756645
17.0533558358
22.6056095745
15.3661556012
10.1173356799
-0.261280174225
18.1918547982
10.8241016145
7.1731632206
0.671115761874
26.7593271719
15.9845053268
20.9588497546
16.6274810243
7.64703992925
20.931439779
12.7366767472
17.5715508937
6.88457951286
17.7158304455
28.6134627457
13.1795381155
27.0917883093
12.331933296
13.2993534532
15.3258818599
7.88765341615
21.8832193668
13.7622415017
27.2118493608
20.2695258259
34.4632453067
8.23393737301
9.89572698297
2.6640827937
13.3181438786
17.1978060543
16.5514618853
10.6312891666
18.6809926279
0.928247078237
11.1345415078
20.4598591504
24.3465607722
4.82644207891
30.9432193754
2.72927923248
28.1993026998
5.72655994309
9.82918212045
13.2715051028
29.3217762538
2.83771535423
27.83316449
13.2620358471
14.4115961758
27.253567105
12.7196379294
23.2314827175
2.1029277536
6.35057479043
12.6628834969
14.7942867368
12.6922230105
6.0239264806
25.0465789045
23.1672554429
20.7351351459
11.1146913896
17.9439490954
15.1747099409
5.16194383428
2.92891742958
16.709470004
2.80855147141
15.8704066348
-1.02568762228
33.7902785067
27.4156284874
4.94612861984
26.5925076717
10.0432130422
6.13818135793
8.97577310947
7.0365034171
11.0423620566
2.94437432011
23.7799448872
9.15020583612
7.20627031181
15.4509715031
20.8669786416
12.9727939611
25.4426878675
31.3300755145
16.9320318347
15.2860306971
16.8070424521
28.4781825099
4.03414781162
19.80177262
26.5129496122
15.8356037316
16.3646492761
9.18093335906
14.1832690395
8.81495590746
4.47405561808
10.9009487349
26.2234805918
2.40862665267
8.83985885876
12.5573981917
25.924663155
13.1462367059
7.21462184274
-2.06986918814
16.9819284996
6.39513124865
17.7624581008
21.7345126302
-0.939738849784
10.3093484501
2.65822057261
-0.671915103009
12.9277142298
1.49055771581
25.641596783
11.46529869
16.3184194065
26.2530159205
19.5707247695
9.42914736188
0.937156967253
10.1909187991
15.2762321252
2.45049149251
13.4364007491
15.2354780982
22.2617516549
6.75630443901
21.6541374206
10.4685813818
6.38459719447
28.492369105
13.3618890619
4.30188059969
-1.58613258953
5.19736178037
2.44453922155
4.33783534618
33.0468235208
21.760012305
1.79474582342
14.8902968779
14.7110576467
14.673906194
32.6844073732
9.85508244506
5.13749969831
2.51001249515
25.3084018814
13.6633497887
7.16810683064
6.25432291517
4.22520806464
2.4947128582
4.7250439452
8.25190174303
12.5481030877
23.390238695
9.31632897559
10.2377572975
26.3305323072
4.71676947302
21.1425887147
15.8540585405
17.15102995
12.4114774179
32.6030886084
3.43526334337
24.6575193329
19.0907241588
18.737453542
24.1032229808
0.425571376009
4.73355350924
7.27065484423
22.8254825266
14.7211495932
8.39460165173
15.9242465562
4.57879122759
17.7161578751
3.22075350238
9.2622063914
17.3889683281
12.2287226132
0.00939592161376
1.14121191048
3.41447213794
20.5022954771
33.8621993816
22.9498301489
11.1084995278
18.4669075393
5.6511131936
20.4558730463
12.6938053821
18.8460191725
0.598314673707
11.2038691232
12.4042281602
18.8421149353
19.7426834745
12.5543354389
21.4555074231
5.92713295381
21.8298087277
15.0869926091
5.90316340017
28.7282308438
21.3866519927
4.104599997
25.2463880955
4.39075181204
3.29961627213
26.149889376
29.1772163327
5.9299766985
15.4331810143
9.25415546345
27.2228627242
34.9318529971
12.9171447455
10.516464734
9.64796229322
10.7633337847
8.91073823782
23.7743735298
2.61744238786
17.1395804439
20.4188804884
13.8481046238
10.7365620383
19.698830628
10.5621749409
18.6996198146
7.83401317578
14.0932716473
14.1170350885
19.9075702564
20.5131144513
19.9726637787
18.946868176
21.9246639137
12.9294483026
30.8450028156
0.841867473952
20.0852195562
10.1219849729
11.3221584686
9.59511117214
20.952889788
11.5949395194
19.8476869834
8.95511891566
6.02771392535
23.7960830644
8.32826832719
10.9087632049
17.6096872632
23.0263936386
35.08021848
-0.0542051175409
11.9757425153
12.8544142487
4.28052963032
20.333009136
30.7272082333
7.47751417553
5.27969821383
18.9682368296
18.6894303285
13.6039302273
23.612176761
19.2075686394
2.64265220491
25.9122158216
3.84309640786
11.6523367563
5.10964821836
-0.941622952199
22.9540012489
5.74976911384
24.0330897055
31.2930215121
5.8546253874
21.1120677622
12.4599132008
17.6727764534
11.1186173847
10.8159508379
4.24412293738
6.12094233794
4.70826198808
23.3151564316
15.228820038
9.48734636717
11.6005981537
27.094570511
23.0965348265
12.3280615853
1.38649063312
25.7498990051
20.4508625063
27.8653317047
2.42200216207
26.9153250531
14.1659123483
9.58035473065
10.9608427656
14.8334901763
14.0159350374
25.977787678
22.3914526953
8.21142984692
12.1287708419
12.0035279425
22.7539373642
18.8861686433
24.606292795
7.12995077973
17.1304369389
14.2941759083
19.5908687569
25.2387465196
11.1004801245
-0.8787924509
25.6535675343
30.1920204475
5.10977356761
6.4828897097
27.4968746613
10.2967386071
19.0395027003
-2.8835007942
25.8568511058
16.6813741402
4.82284529356
20.7660761934
7.23364524427
20.8882528647
17.5183519555
7.74916570995
4.33859085202
2.23627803741
5.90164025042
16.2270185437
9.88110478901
17.4582582154
19.0285936623
16.092502017
19.7195572513
15.8197404821
32.0555194973
0.95234267701
12.5141102998
7.49574881461
13.2524084841
6.41555356644
27.462473329
32.8721331534
20.4023948158
18.8587691724
29.7907226228
7.87461001611
5.0735418755
12.7485529454
24.0596758112
1.87891019035
23.468968198
26.0889627426
15.8218995936
24.3832496002
21.4949692612
0.707392925066
17.7807553107
2.36994364095
5.7631570495
4.87145241083
6.46673233153
12.8497258882
25.3356659309
13.0719367795
-0.0851695442659
13.0744253585
8.24471076475
9.35156684775
1.94471278327
19.473289639
16.6930257505
17.0707884189
4.77720172669
22.5212643986
10.8832921615
21.4649936707
17.9517622426
2.97686250258
1.20601855721
0.70006767182
3.50690720392
-2.5008504231
21.8226826333
13.9959976556
24.4642295902
10.4808082632
0.23575438274
19.7258010441
10.095287513
23.4268851626
4.28961162365
1.72192089406
28.2020207228
12.4329179506
6.68953796329
24.4685653863
9.11241279676
22.4634604247
9.94509832969
36.0035769546
21.8018332884
16.9839093622
11.9285661248
11.2764090478
28.6902949534
7.20503896111
15.6686770796
22.1714593062
15.8046300093
9.21008825393
19.4338972483
12.1865779199
21.120574053
14.980638374
10.4507224939
14.9658019165
19.3435129353
8.50087709041
18.1946301834
0.364384618627
13.4674212574
17.4474630055
12.9488684791
6.35257901613
11.7085330724
8.09821088638
25.2523104877
26.560716721
0.584587216857
7.23919530354
23.0912703537
31.4779025254
19.1895316908
26.0087976176
33.8379793291
14.2428263657
9.09395758634
30.6132534178
6.68681971877
25.115242213
26.03619559
22.6129452304
17.5222622276
18.6849552061
14.9464633775
6.06096279554
11.288494504
8.12014249901
8.60926728662
27.6949173683
31.2742832288
1.26922729028
6.67608716311
14.4273236493
13.4239103985
9.47092842988
12.6102760906
22.3825758816
-2.79031677944
13.7067220542
-1.89186843665
4.01401146944
25.9643779267
10.1741218386
16.0553362644
20.533029769
18.1617123284
12.7734593041
25.3192369124
4.78812857764
2.95440119632
19.8410530201
4.1785512049
14.7187084866
-0.345266176506
28.495844548
21.5500709754
14.0588052332
2.67642603266
11.8800914514
4.79369193931
17.2841303243
17.1559007852
21.0251866532
5.78977989546
23.2407364394
9.94398020407
29.5109848455
25.0041703542
14.6959903687
9.64479511248
29.0687645289
17.7034007947
20.8830745599
4.73886329371
29.7146377353
30.7910371887
3.49977571587
13.2734812805
5.66513243833
8.00060860879
24.8765315924
17.4318488844
26.1627060729
21.9284019247
14.4728853248
3.78978509778
30.9952003801
10.4875045327
23.0994854764
13.5752626912
31.0606495664
24.6414784109
15.5299140972
7.44448801372
5.17583152821
14.0985421267
22.7248903697
27.8587456995
16.2493797473
5.4787813568
23.6424001314
9.80880103338
19.0338244994
17.2842375907
22.8950980189
0.517310777351
14.8791582422
16.2960096523
16.9901202886
1.91034868093
30.3560272086
-0.47394654192
-1.16783306441
15.8440514614
9.35826671588
28.7423777617
30.1445729574
25.8107076591
17.7982220193
22.2068072936
17.0944688456
11.9645433276
13.5723393891
13.1196275537
1.60571804957
11.1660998966
22.0696349359
14.5299362446
3.6539453972
12.0643227567
17.1785011427
0.790453852921
17.5555730894
1.92531125568
22.7833447766
18.0788637454
18.0143927637
18.8977685014
6.4312709831
27.3117540859
5.51312540927
8.92406351889
14.3320787917
0.988599649686
13.9488803714
3.01192744947
2.5961187977
5.11614987911
28.2914005424
23.5248985055
21.1415222816
21.8266305677
17.5239519893
16.7430161185
7.78625925629
6.44016646722
8.15817332829
3.36792390844
6.3542901111
21.8675693572
7.21244436164
21.7396990839
20.9439926601
25.633495703
25.5804965181
16.9196235384
22.5144031437
13.2195585112
10.6771873683
2.28832230092
23.0539360293
21.2416970839
11.7130498459
20.9542903835
15.9718254802
14.9481216955
7.23359447616
25.0663939641
12.782691309
13.366869234
23.3684415731
24.1662652897
9.1325027234
22.7041357431
14.3919893666
22.1436387375
1.47785751359
26.9019985057
22.4470020191
2.34181768545
0.439055267876
18.5417655695
21.9457030024
12.8649607476
8.56694581818
23.2663418369
13.0949302544
21.0166954908
3.61941491697
22.7169555341
21.9484974417
2.53167962377
12.9881677546
3.43024105788
24.0905398358
7.7542428447
22.8385641459
9.71848169902
6.33567368337
20.7251965116
16.9941291053
16.3439070248
4.31157670084
24.667519527
22.0278317549
-0.463057447243
18.2085455175
5.9286640149
4.66144622773
12.2552689389
8.79980444377
11.2697002868
-1.05293355926
14.0147930438
23.6043124693
5.71108008614
7.12110907712
5.93321031522
4.72632587302
5.70231477677
20.2527339315
16.6717731028
20.5492275918
22.5377833541
3.30396977215
16.1804947519
12.5168646307
13.1010337855
19.8309240094
2.92646866095
3.64699787756
11.2866612228
23.870068553
12.5100881468
11.0883763148
6.76552131909
0.162053623432
12.2839101809
10.5306627249
25.3674094026
21.8504159154
21.6443381729
5.94068252763
0.860241132104
25.6964184194
13.2985446972
11.6288535248
0.434113927702
1.15081954032
1.26676293848
12.8545670323
2.38868206473
23.3763735219
21.6494624737
7.13763322475
6.57402734088
24.8380372314
13.9721321664
17.3126282028
7.31079186688
17.0964140058
5.5443538639
18.1154595261
9.93382634049
-1.90840940852
29.6925152713
0.574408254861
4.37844560395
11.3287054541
0.250487808736
8.76621683538
8.03895925445
2.41570932021
21.7626588223
10.0508001359
18.0937973416
3.18232102622
16.678787761
24.6457239944
2.99884624038
12.0336729929
-1.25995885889
8.51095080625
25.5019167992
1.55241514969
4.09760140809
23.3806474962
4.52907084372
26.085289997
23.0266100448
19.3259873415
0.716354533128
16.6388709137
7.39671425661
10.0647877256
5.304864719
13.6099196593
11.3051827123
14.8065032985
1.79561973054
19.6641972037
12.2129524587
12.91094477
12.124378175
20.6602954621
18.7180367065
18.5451764103
8.7835749993
15.0857391442
1.07832704231
24.181863893
19.2305262488
15.5636725374
2.92184602276
9.77213938009
13.0856017549
14.2239596651
8.19037336323
4.64006915797
18.8384045932
3.28779339739
9.52122195843
17.3730622899
8.08555411725
16.2779322606
16.9968102281
26.1606645053
5.72604200407
9.22557693196
17.8646049489
16.9470490978
1.19305043167
3.89120725607
20.958089864
0.341776165038
0.757260949146
22.9768670253
-2.30735469718
-0.626429439729
4.08731445086
8.55513635194
5.00078280575
17.7319267089
24.237097814
4.88683854585
0.750369396312
2.65248854742
14.459427515
16.8881852401
22.0121362199
22.6502623001
11.8001065663
8.42164388851
13.7219352855
12.5660214514
29.1072245687
15.0976146405
12.9562983356
13.3759628935
5.94840197584
10.8450990572
21.6476519229
26.2488791396
4.48205768715
33.4075451266
29.3887805257
30.4293429981
22.8625845184
2.22068654948
4.22945071359
4.14996324194
8.48193719324
1.02482077092
7.89116668877
21.8792725569
18.8379423773
10.0221686273
9.19966477873
15.721113476
13.4815678707
24.230249948
20.8436718715
26.9362690225
-0.619939943998
22.4316427049
14.4742726155
8.96376365879
13.8180790106
24.662151732
10.193841916
26.7012899825
22.1278778718
18.3838202162
3.18017996683
19.5457667926
25.6941567576
20.5931752215
2.11789746739
24.2763588633
19.9116167584
-1.09907332256
12.5628883604
10.2022000865
15.3990849235
11.4595241359
24.5678306875
24.60693064
15.9897544084
15.5364069581
6.96340943706
6.58662844883
21.2221627951
8.57931410476
23.6317961742
6.36523917308
21.5842227515
18.8679970062
1.90678285254
22.4612553571
17.4344106252
13.9811536275
31.728270372
6.79904566876
32.098476082
23.0612269814
5.8888506757
20.0075030284
16.5300115074
17.0912969408
22.3254218988
9.98652039861
19.8739301138
9.2396506493
20.0920976775
10.1136966799
3.34489143312
-2.08063765049
21.9558076525
23.2076212726
8.15546109442
34.0797932175
9.00564233777
9.12045178628
6.16760855306
7.77734380301
3.9071118156
13.7050526004
-0.782743378789
24.8822636229
8.89430209237
10.1979855748
1.66034701104
13.1707906231
7.70602483505
7.55334338554
1.98070781457
18.5906178915
5.14114166748
16.9320580284
16.0434636435
13.4633025477
27.8307859564
14.5396218592
5.02784577524
11.1325622432
20.1370955811
0.702423080902
10.6424799077
8.22991418241
25.9505714555
5.02120408361
14.4105739643
9.92800498236
22.0755633317
13.7245844837
9.04431620531
0.970695814015
3.77840230947
18.4477677217
3.06535848833
24.1999546196
23.9320242118
9.84758588725
14.3246627534
32.3095714196
18.7234228441
18.8087762753
20.0236132036
6.15679019455
0.0478900211759
5.96720561413
24.5472060047
14.5001721984
13.5250015822
21.2558939608
0.201553688161
16.8469569596
12.1787620112
25.012805285
11.3135537603
18.2265539976
-4.40668567906
18.5909043419
22.2378772943
18.6788541009
22.352964637
15.7680927892
23.1663669941
19.0462761135
18.5466762401
13.5984972389
1.15668639861
21.3755016128
2.40637917746
25.3035315492
18.1602859072
5.62616450652
7.48303425626
6.9179130896
-1.10824828409
31.8924696651
-0.673319577235
18.1476195945
19.1875302306
17.7803443384
12.3851463656
4.20643020752
4.3386490936
16.9911560391
33.8911614003
10.1520127246
13.9501976541
21.3857800845
24.3732052066
7.38168566623
23.9449880488
7.23563939965
9.5816554992
23.539606739
3.26934310256
17.9989283543
6.29354278977
-3.40271138318
14.4984090061
20.9948122749
25.0802080747
19.07214667
8.71581205682
18.0910187472
18.9993890173
16.8364152983
2.70219502056
5.17036782807
5.75474538861
7.47677952802
6.37943177752
13.190520264
32.6231037408
30.3891864033
26.4584432976
19.6132620744
13.3368851476
5.22454782314
9.73388048589
13.333622323
24.2589884955
9.10805555094
3.23019573276
-0.978508370566
25.2143319599
3.77942102412
28.6559236219
9.32261453247
25.5312290795
16.5614624931
12.7773058634
12.6123455473
4.10674534873
20.1284006885
3.38511252461
27.921059179
26.5937766674
11.5759051437
13.9496503554
18.2135950134
19.1759822705
28.8424187454
0.130938531719
16.8621573299
1.90448858042
7.52014619558
0.136845961134
-1.13253705353
26.7049720095
8.7875919469
20.8677455291
25.3798538144
21.0260590247
18.3778137128
3.89091616648
-0.592383615496
14.9928439623
10.3371886064
10.1021263979
22.9397016335
20.8439229818
15.6596087517
7.58729335927
0.507266988024
22.0793224947
10.7360513639
16.7328325353
13.706026918
12.1506735038
3.43460298359
5.40520008523
27.7327766273
0.475587212483
26.0799689508
10.9054301625
8.73784800267
21.3909919834
-0.981532002691
2.48661667389
6.56683915859
17.3895086422
8.74986099954
2.97378331437
4.04668299658
21.7565184413
20.3576688712
24.1219565393
13.4758986278
14.7638913257
12.7317402505
24.5557407535
4.1891630551
17.6390127582
12.4017948131
4.39422467167
27.4396553283
26.3931262324
3.95517032285
14.3376962797
9.39836475823
19.7406650371
31.3487720448
3.96426456596
20.7100259868
8.27789139067
22.6190271025
3.5728440289
9.94763532216
5.80134930816
7.07382999481
4.42030255352
6.51472229436
34.2271324497
7.46049153255
11.3119193221
0.362731463238
16.5670531529
11.5589308355
20.898816107
2.35271723625
18.9302151927
13.8580293584
4.78692511503
30.4616383236
3.57084254695
11.4828815587
0.545066959555
17.7604957462
14.6535355954
5.95715377169
12.1130175119
7.66414729665
16.8985288558
21.6141738509
-1.27056266836
17.5581877875
25.9947809291
30.8518303832
14.7601343804
22.0811150016
14.9216235417
18.3749562105
20.0374052794
7.44177429306
5.23967747664
10.002411095
1.17635855542
3.87557982879
21.5109159342
21.2897395742
22.763943426
4.96625393092
11.0541978671
0.33266686644
18.9735312088
14.6509239868
15.7569806539
24.416727253
11.3782728429
23.0282267518
21.3676239248
21.610330094
2.48934465191
14.0772062172
13.5423352254
17.2404771899
0.46102792713
5.2378843323
5.27631805596
33.2301130533
5.91703730212
5.24629761812
25.0616215793
15.4608649142
13.2568266425
0.414381473166
-0.954118201343
23.8195297121
22.5587331896
17.8597121026
15.433501008
2.3628314091
8.40610164091
7.06628343181
22.0261163836
7.72144845531
11.778010468
5.80046414872
19.1408619247
3.82689552286
24.7015403834
21.7143177507
8.35061470038
1.71869619648
4.66643842717
1.4913567066
27.232550741
26.8738212043
12.6088818205
23.540589896
26.0505026072
14.6745416193
17.5197987367
23.0450030868
4.63960798874
10.9189380931
26.866522959
18.4044034128
12.5770258744
22.1021438294
16.7529704869
3.98049655278
15.2788367116
4.51052726636
26.7326199686
6.50343823622
5.29043292075
20.0944710527
21.5660549842
26.2582024465
6.2072476002
14.888053622
26.8258115945
5.39676119246
24.0542097459
5.74900983501
31.2826517768
20.3847325655
7.9349203765
28.3404884486
24.098261514
12.187753261
13.2696614241
22.0960819407
6.7330614983
18.3232182659
1.36934509904
8.63382083999
23.58768212
30.1464987715
0.0437724203319
26.8209244955
29.9223022801
15.9739984767
8.15757493949
16.8632798356
16.5460456116
18.6398025502
7.1931590637
11.6225852767
10.2271485513
23.6676843782
14.3594278176
27.5423639304
20.9516933109
18.6883124828
13.4413199047
28.0063139126
9.95620534575
7.49301669064
13.7224028886
34.483267993
11.3125670651
20.0984765247
15.0976482161
5.36244947938
24.0733671043
30.1491073987
21.2622172597
7.19041803013
1.47381164176
10.1940101145
29.6779563338
23.7423808841
13.4568954617
12.4740002153
11.2129511977
2.98343713852
24.5156553002
27.76833325
23.5208103442
6.11172640942
12.5350046879
28.9409725674
29.992200581
3.36108475533
28.0381967034
19.6866447362
14.8163744215
24.7032971504
5.63752160586
12.1775372878
9.81577916573
12.5727564815
-0.367706656619
19.350280579
16.4340369063
12.1597255347
1.82620112684
12.0173998738
13.3889523964
23.945494035
5.70795706916
20.7071280084
20.9766133458
5.89525228534
10.3687088245
2.49065340045
8.63300395198
7.19582038589
5.7408310531
22.2374397957
16.8507224828
12.3903698046
11.0520516898
22.1493213066
3.80322207207
15.8968759169
12.6257681706
33.5062865046
1.3883639848
5.14920929902
24.7560358553
11.5070885854
30.2484842724
22.5055053155
1.51225031652
22.9837630754
1.91125630158
21.2790896025
17.0542437483
16.3961993875
5.97960806397
26.9137902594
14.4477859066
18.5329873214
2.08449447588
31.6960926026
8.52222239173
21.2915488079
36.2417172631
20.6609840276
17.3716135311
11.5579109303
10.123509125
7.58808611051
11.1817925021
29.9071770635
18.2850174608
5.09330512803
4.42560689422
21.2814010055
28.4178370763
27.2789633503
23.9413894669
1.5261204241
9.06481844195
25.2900830547
16.6378242511
28.2920987931
-0.0195878195717
28.3509705276
19.591850742
7.13864183712
29.8120241223
37.2387838268
27.4604089419
12.9850196896
7.86631662497
25.3672002102
10.8398523129
8.36352240685
7.02903527651
29.4083112398
16.6717517491
14.0183269395
11.5380363222
30.4818644515
25.4886856476
22.2648529633
26.7392719228
21.7718910175
5.46482373534
20.7673266621
23.4447115785
18.8221065714
17.8701581389
18.4225804941
13.8595396304
21.3846977896
5.50008781737
5.05100335539
9.31699047154
19.6379176696
6.68629150513
-0.799907512585
14.2354306985
19.6790135268
16.1080619135
15.6164785002
14.9547201251
26.4692674268
27.3391990989
20.0663440224
17.0633230358
7.02745551445
7.07158685175
22.9766289569
13.7787181254
11.3759397937
17.4313014054
20.0772547184
13.8514818114
14.3297108517
24.6762251211
24.5586339921
23.7525111332
29.4134399341
16.8004786703
10.0106016988
32.2303405323
20.153969039
14.8035269282
8.22509692049
17.313823873
8.84944121535
23.8866259968
21.1779751122
12.6272604958
25.1149239724
22.8972805694
10.7026437033
3.16846861528
8.6800350055
12.1858623345
9.83119579098
8.9122730152
16.0355315568
23.9418830895
13.478877917
18.8528995945
4.01118427509
21.8973426884
23.4383888955
28.5615686493
1.07632360569
3.88122271142
13.9870651038
23.8553272009
28.3586043649
22.1034291981
11.9348278273
10.2113990807
12.3935157126
16.6600354765
28.6380163644
28.4337467409
24.3708030373
2.02944659123
8.63127408121
18.0497483457
16.3143907901
8.04537088629
11.0623320801
19.8303467526
1.63818155885
29.8282896201
7.13776185512
14.4325619797
32.9486535809
17.4308829353
9.34747759217
2.94645039147
30.0058526511
20.1517605049
23.4251286263
24.1681968388
24.4940846583
5.38202193596
-1.91025329324
-0.570136425515
4.52585535895
24.179578005
22.5141919882
4.83572498463
19.6509172895
9.13591187931
19.7531476344
20.0778911801
19.7924482819
22.5810873859
26.724887685
8.74916764166
8.41989092158
6.42832304677
32.2748605716
30.4628309235
21.0072501838
-0.707142174476
22.6898752113
16.6257641223
22.8457024924
2.8253091395
12.4052355011
17.6144449048
6.1743040964
22.8522279714
29.3976114337
25.2787812894
23.1892950477
19.1291530698
20.8358880467
2.22567412789
27.6386917267
30.1371413059
21.8709826737
34.5487634956
7.22109059601
4.42253867093
10.263416577
25.3422545164
9.40495398854
-1.22537124293
25.3701949484
6.6454657146
6.27498745162
35.4713783299
22.4726437698
9.19489306108
0.0963767785272
9.72219804505
11.912779381
41.3588019751
22.0179356577
21.7206479776
11.8760894842
14.7520559635
14.549148324
18.2916143149
26.9732589721
15.9725748285
3.04498437893
24.6609450269
12.4003439761
9.31398504344
31.9130348234
17.8695806997
25.2578412157
10.0164587916
-1.87754122749
24.8716943768
0.0541548694155
16.2802890249
10.9870036199
7.96218979581
0.568208332087
16.4888353781
32.8690355874
6.2123669459
19.4385727848
5.09292496505
25.1898081914
9.09509150706
20.2700164696
36.1385159469
5.19475062337
35.3632348217
18.8440334765
13.4138398846
24.5624694751
24.1234105805
16.5347278798
15.0109728199
11.8872764212
1.42837248143
9.42715026921
12.1875266495
29.6485090141
12.199856579
23.4788868356
8.91751099971
19.6568178328
24.7617185137
-1.13464575248
13.2867960889
24.728072305
8.48880856161
7.66059168674
28.6163430117
30.1539605015
18.7134359684
19.040438355
8.95388583659
-1.88674306426
3.59431832895
5.13119211782
3.84334246577
13.8361322389
0.185644417885
24.6029557208
0.751228581307
20.8933364957
13.1079417778
18.5973637513
20.8714329128
18.7781203415
6.69464253556
4.93792231058
24.1809164848
21.0233036044
22.1457327356
16.5550531426
22.9099138179
15.4104489754
23.7060817782
12.6385218463
21.9090238478
22.6382239188
23.5940226056
11.2086467596
8.06563412297
23.1769371861
17.5031282132
22.7015341789
14.3145211444
20.8826508141
22.6932754436
11.7481364518
13.1855270677
5.09683244403
5.69849510447
28.0806665352
34.9276263608
19.1137386164
1.30981804962
26.6213531099
20.084516868
13.7339118351
24.2249703221
4.96503913683
26.5817730359
15.7758318747
27.6964344737
19.1396442287
18.7508682334
6.90098138734
20.1275566723
2.4240771987
16.7794060115
17.6884308178
17.726665551
15.8261756443
5.51114416108
2.12921725768
26.8985809392
7.33699240485
19.2543203931
34.1512301172
35.2742154713
10.2082230852
13.2378437218
7.6271140928
28.4092779608
14.465415555
17.1511930381
9.06118740685
10.026991338
28.7058666732
6.58368916213
3.58685968544
22.5116924588
17.4051974559
18.7085903472
14.9071675799
13.9175348357
12.0519469808
21.1188434475
34.3029520812
0.742824434308
16.0870798152
27.3855553944
21.8816063212
17.1814115113
6.4406462894
27.2529817187
30.3501679351
13.5801484602
6.94144597073
8.1977777778
34.4938809541
14.0039017053
22.0830815782
9.11740226106
15.8563705931
23.4738999898
28.3248425511
28.0726778389
10.0685094587
8.20424229611
14.1974668288
12.6727393299
16.9007145036
18.4765229795
10.7540256723
19.6017542398
0.239329810794
17.7415815332
21.4750013241
8.46138498994
28.3313604338
15.8521157004
6.39797447321
30.2236028968
26.4096485766
27.9590111173
18.3955981705
5.51940823327
17.7478465525
17.2274756884
11.6388551467
11.4251124918
27.0797172836
20.8952192251
37.8121229959
13.9385187177
25.2239539593
0.538926184125
7.6637405217
32.8681436874
6.2417513708
25.8575804684
14.5327723771
21.4178151265
25.2858965675
4.03614393543
30.2434663997
4.71661339688
28.8520701301
4.36791740197
17.7726394478
13.2381724944
12.7454305708
31.2566369717
25.7357426084
13.7810131262
34.9005213608
16.2102417318
14.603305227
1.41512037463
6.94282504855
9.35013210968
16.8123245385
8.89243336282
29.4751796078
22.1830561904
21.0521823731
15.7277797111
7.41577476419
33.3619705436
13.1411168728
17.1425436004
10.823376163
24.3254931863
20.8544290097
28.2091652577
24.5556826175
5.15431730606
3.99251683349
21.0913313023
7.51017450911
31.0156910646
11.0470878705
5.17347869124
11.1045480035
14.7955270989
7.47253388195
9.12417277082
15.2045262655
22.5265501763
24.4842975251
19.2226884496
28.9641001604
21.6820539558
14.5951402081
7.45821882329
15.4985459795
15.7043486577
21.7847961018
32.4509038195
14.7047692384
15.8247715035
11.796003513
17.2618460653
16.756597766
0.883888217031
24.0728139906
7.18155101518
15.3862766868
0.768683729464
5.75141335223
26.3203721554
15.4963394298
21.9705172559
12.0301317033
10.6080204072
9.7555005074
3.84250497387
13.7576736042
3.13628391861
15.6769523174
5.01829201035
15.1791500639
14.2684393042
7.67657744099
20.1408312563
26.4510818452
33.7142977907
19.5072880069
9.93191822476
34.7584716982
38.4476221872
26.9696823828
3.30431284249
26.0725439075
24.6484718456
14.8621664599
15.5244921213
17.3402840509
5.40747883586
11.6270899226
1.71349686878
26.2752842449
22.1123142199
22.8006738653
12.9646189061
32.2240416609
11.6127243275
25.3866239109
3.93585737866
6.99318094223
12.5677485978
4.63909735279
31.3639446681
12.635064198
31.1236527071
