-3.67973921196
-7.35453407721
-8.03249198411
-5.55030279006
-7.33234470069
-8.2513722848
-3.75033409221
-6.04366699447
-3.91007243195
-3.54024312505
-8.09786147278
-5.68607114124
-10.0807163311
-8.4671208293
-3.14792655067
-9.23177884137
-8.5475936083
-7.29470177901
-7.59906165858
-9.65481642577
-6.59060937017
-6.65402664531
-4.79953828219
-7.54240855644
-7.36470161233
-4.1224432307
-7.43084277108
-4.46331038046
-7.33605940389
-4.55669655679
8.00339785537
-2.69226783253
-5.21823627743
-6.17128798611
-6.40168381274
2.55838008269
-5.22227714659
3.18622998269
1.88286647722
-7.23368803633
-11.1562621247
-9.92339216257
-8.46372712282
-8.90735132518
-8.93471782192
-11.1296651069
-10.3009118445
-7.22952007266
-12.217566345
-7.46609355091
2.94798188377
-3.10165525199
-2.67442518005
-2.41211964766
-2.21316992681
-1.03110435906
-6.87163814285
-3.5582582141
-5.76339027787
-6.04361784131
-9.14068152559
-10.2257515025
-6.79592010835
-9.57098493105
-7.87060667132
-7.28300819025
-7.13587752637
-8.63910986759
-6.83546220748
-8.66596446368
19.4624313206
7.25069393274
2.77171403702
4.11173245625
17.8613161948
3.56340695843
6.05273175377
3.36378172548
5.47740667308
3.36653789278
-7.4750305024
-3.81945669275
0.729036206014
-6.36559573397
-4.02972646552
-5.82690231691
-3.47456911393
0.0973330608118
-4.50885030699
-2.1438474064
-7.57264053979
-3.44745506092
0.802242685195
-4.52720119564
2.07516500868
-3.71639054452
0.986646899672
2.10718947785
-6.86460279198
5.47267853634
-5.57092107441
-9.15118668075
-7.07392209906
25.8281012914
-6.84372938563
-10.6257306766
-5.95466655524
-8.0685918171
-8.83727443745
-7.90293308744
-7.51717405765
-4.34979926929
-5.17470261679
-3.59860302393
1.54753352853
-2.10499274947
-10.1125336467
-9.41844089336
-1.79847009371
-3.89091350235
4.82233374785
-5.52887833702
2.09111164173
-3.38011525967
4.23952844333
0.996794900728
-1.9569528586
-4.68784496704
-2.89749253722
-3.33155869698
-7.49577548738
-11.5204177811
-10.5700315829
-10.0393011667
-7.71944354432
-10.3814157414
-11.0662341762
-10.3513249762
-8.30056052189
-11.3328264884
-7.94134510956
-5.08781992823
-4.78685745364
-7.35645592705
-1.51411564299
-4.835676839
-3.72882347326
-4.14355450591
-3.29793693656
-4.63131062461
-6.72610777423
-4.93757939079
-6.47135744376
-5.44249990482
-5.24332318866
-6.31634094986
-8.3579768498
5.29833810544
-4.03290554366
-5.93567829707
-10.103330533
-10.719472259
-8.91247698991
-10.0613514704
-6.64193301626
-7.33976215086
-7.71482385172
-8.92984091645
-9.64342561449
-8.84813871408
-3.64025698975
-6.85035677915
4.02667937635
-6.34101143358
-3.03039380408
5.50373797417
-4.42000596239
-5.56114577972
-3.83804978417
-4.98972327701
-5.60317610543
-5.51152507105
-8.04146994436
-5.57358996482
-5.69090126595
-3.52916768049
6.48990490033
4.63949363785
-1.5572417865
-5.94167174098
-2.97374798585
-11.001305009
-0.685463791229
-11.5091219368
-9.60036040448
-11.1487954875
-12.5005823107
-9.93562406961
-9.1105053032
-9.17843149462
-5.92570308184
-3.56541422
-2.96176332311
5.1984955583
-7.62443507793
-6.2874391361
-5.53890740458
-4.06126057415
3.05467826921
-5.41760756782
-4.82396853938
0.396701907875
-5.34660274307
-4.19551095526
-3.45113158135
-6.7910773296
-7.76913393157
-4.86528698898
-3.72398825118
-8.42773869698
-6.11027696923
-7.49984114669
-3.96390381856
-5.74678195475
-5.89027531101
-4.56758546995
-3.95258456408
-0.285026819214
-3.0382232148
-2.90945246354
-7.40620969763
-3.65448057665
3.89181755279
-5.97884772411
-3.16105312348
3.01382524009
-4.98121868243
-5.62666280289
-2.83534873432
-6.99577489287
-6.8826017818
-5.30096275513
-7.15004585831
-7.62931385984
-7.84956619579
-5.94180582856
-7.57073748468
-5.39358990948
-7.0363105908
-6.54517888476
-9.81568784157
-10.3758904553
-10.5055963243
-11.6831827719
-11.7011659604
-11.2958100361
-11.5751699035
-4.39627293504
-7.09388986633
-9.53129564277
-5.2750479218
-3.03760645061
-3.94750414268
-6.40424748798
-4.03047785606
-7.12948852057
-3.70833509001
-3.97172274839
-3.09025359944
-4.36425403961
-3.06226350277
-1.60431685192
-2.43390856604
-8.6863721682
-5.29583734199
-8.62491706955
-8.01687686516
-7.21501651573
-6.89490893408
-6.75283030253
-9.31939366427
-11.166924716
-11.2159425674
-10.2627177863
-5.78441191016
-10.2566207253
-9.67082114147
-11.2120301663
-10.2958889513
-11.5587490351
-4.13479973897
0.947059777251
1.54419964593
-4.29966738301
2.01336414445
1.85479705482
-6.28961668104
-4.25157557079
-3.16198918342
-3.83030312576
-7.54740589125
-7.0014997989
-5.97313349384
-8.67560984718
-5.74286443627
-6.15552099404
-7.97372945768
-7.14370407791
-7.81876830065
-5.81555724109
-8.33893192294
-5.56709510787
-6.39523855991
-7.81571523576
-5.59609561927
-7.30419862108
-7.93256793929
-7.63290350566
-8.97998241721
-9.38265879391
2.51914449711
-8.14360069671
-4.99826392341
-4.13686416903
-6.48319412745
-5.57556999559
-7.04421691165
-5.9065869021
-3.26007330943
-7.79003902552
-7.02616716107
-4.5475162462
-7.63169622942
0.674039576809
5.43052905563
-4.25091770083
-7.13332862361
-5.54837135313
3.81381783649
3.58719426205
-3.7895819713
-9.45614869462
-7.33351950329
-7.59013250931
3.31032821963
-5.45938632972
-7.40612830699
-3.13243464105
-4.37813104085
-9.50080247766
0.0673200227799
3.37746461921
-7.5615369858
-2.7398047899
-6.80434858782
2.56093850756
0.523001912284
-6.41014504025
-7.59007996356
3.97454997058
-5.94020715443
3.96117984669
3.84660853082
-6.73652132848
-7.23148784373
1.76248988473
-6.33811946734
-7.27679476603
5.01528904743
-5.63990688991
-7.89263176656
-11.4581014316
-8.61753265426
-8.40001490923
-8.26768050472
-8.15459916585
-11.8735104949
-11.3506880964
-6.60420222046
-7.05494856434
-5.20016598052
-5.38065652993
-6.02137892498
-5.60541984291
-5.98743466205
-6.13326920942
-4.68111315122
-1.3183063613
-0.455084492871
-5.86749917371
-4.41000284681
-0.41088554331
-8.66694265419
-4.41325943422
-5.42733650759
-7.49878664072
-7.35158538145
-6.78358433519
-6.19774107834
-4.96186089377
-13.78218101
-10.1936603512
-14.8438178433
-10.5364611137
-10.1038127829
-15.4035084959
-12.2855009782
-13.009822883
-11.476113068
-13.0741779476
8.33501206284
-5.66943402121
-6.24041765168
-2.73137052355
-6.51942292881
-4.44700665253
-7.16852555452
-3.16593994026
-3.63877205545
-4.93801252143
-3.97217086144
-7.95939409829
-3.434779598
-6.7895553001
-4.0568715873
-6.6679289458
-3.11608244198
-5.66004459005
-4.56317026267
-5.31311742221
-10.7273877686
-9.14736706869
-11.1364006595
-11.3844424371
-10.0928393516
-10.4239837234
-10.3589015277
-9.93303577519
-4.78039971083
-4.92347365023
-4.18192595036
-2.97756396
-7.23335690013
-6.41364741724
-2.93840464589
-3.63182230002
-5.1856545879
-2.33926507417
-4.33929448956
-7.37831912837
-4.41825635891
1.58677261404
-3.20669984307
-6.56265401308
-5.92886159454
-7.13349265038
-1.84485194376
-6.16907330002
-3.98054372401
-3.41211828662
-9.84284387957
-9.03136436563
-10.160294803
-10.6098344179
-8.29568424692
-8.09513945471
-8.89168739145
-10.2914380561
-12.4240458697
-10.8544940575
-6.651102863
-3.5505789696
-3.96302902609
-7.58275409376
-8.17175889784
-4.97023723349
-5.02412737383
-3.65654656372
-6.35655507986
-4.7699274614
10.6499849507
-6.43159333241
-4.71588661059
-3.79261054747
-0.158954496082
12.088933093
-7.08947601524
11.1583323795
13.2514722346
-7.40726752237
-4.16637170172
-7.63063165793
-7.3582334857
-2.55419763916
-7.4932106701
-9.73800329656
78.4247127638
-6.62195115678
-7.61781408922
-7.47539652268
1.37095328827
-5.63396761006
7.14399239829
11.176522571
-4.81248014094
0.577669123004
3.60087559927
7.93422256575
7.00205780144
-4.08926854038
-4.41150038775
-8.04161139481
-8.44929864228
-6.86591324757
-6.32686880759
1.05638632183
-7.22554931682
-5.64437432259
-4.79477345849
-2.12811944495
-11.1063292076
-7.53455509145
-5.75256033169
-5.30057756973
-6.21426594733
-10.2309693872
-11.924402831
-10.6518875778
-11.597752086
-6.96818422963
-2.87810609051
-4.231687934
-1.74963268691
-6.98321234464
-6.58308949508
-3.60072194174
-6.04684218553
-3.65773274928
-6.46622883849
-6.95901012241
-5.78820707397
-2.82306433935
-5.36542124941
-7.31668357844
-6.0801870274
-1.30278610633
-5.11542141195
-6.97182483172
-4.02966724221
-4.66824942921
-14.2396533703
-15.1904750897
-12.1798326477
-10.4926172902
-14.6413290975
-6.4394370537
-16.6714545767
-6.79688658431
-5.59833347224
-14.6032217834
-3.36275371314
-3.32734213586
-4.33263007535
-5.29162130118
-4.12634093786
-4.56757213005
-5.33580781193
-4.1121201051
-5.74622330099
-6.14220799453
0.875220365624
4.62714047771
-4.25862050018
2.27156613143
-4.89822080488
4.32353568489
0.934611553607
-4.08159332121
2.24944820222
2.9635310825
-8.01324254282
-5.29177855164
-8.49575978785
-6.99481190066
-9.24164517877
-4.86423367461
-9.44252192794
-8.53116317137
-8.09196144669
-9.10697650033
-2.94863793168
-4.34236332282
-3.00900327298
-3.16128468947
-3.75806146682
0.962530592577
2.77801129421
-5.80753008228
-4.18957429058
-6.59044729962
-1.94510689876
0.0245945183945
0.823695404324
0.633993530277
-7.00698145804
-7.46774573757
1.89827913048
-6.63537666649
-4.6140105895
-6.45968208298
-7.93194185609
-8.29107936675
-8.48054088902
-5.95686085312
-9.16794128354
-8.55051267513
-7.75418589374
-8.63125978196
-7.07486721781
-10.3292447484
-4.00887811638
-6.66543616373
-5.80490762348
-6.58513905807
-5.40708724744
-0.963528271414
-2.9455740382
-7.84857934479
-4.68914685394
-7.18578855837
-6.74127981625
-6.27450814396
-7.07397363635
-8.50077579696
0.246483518768
-1.874263501
-3.46109927428
-6.03216704315
3.300070628
-7.27102937593
-7.41942706551
-4.24630783438
-8.6249234733
-8.31430340193
-7.76528223004
-9.42067036916
-9.46419609757
-8.30213869968
-9.53831171095
-8.06366597473
-3.75041056839
-4.53441698478
-4.04590386631
-0.728487240937
-3.00347957123
-3.87264147005
-3.21177396223
-3.55667310699
3.65052743836
-5.04253937162
-6.37205371197
-7.32167988235
-1.16005339038
-6.51126934207
1.55439329459
-5.59201840703
-0.855372685218
-5.27425649786
1.90172536417
-4.50185245386
2.39878218664
2.99392871937
-2.81368326025
-0.258034046071
-3.85033086801
-1.47222975659
-1.9430599241
-3.08345190955
3.48001933668
31.3388381078
2.17381937182
-5.88440103768
-4.07098276538
-3.19115825097
-4.72918479367
-6.76469439435
-7.40136654214
-4.57313011842
-4.80724556039
-4.3792022377
-4.54298897381
-0.42674989297
-4.50513594978
-5.90294374132
-4.23365206148
-4.4378333901
-4.07120786084
-6.84717236722
2.15407140733
-7.16288429259
-10.2425013485
-5.38602040683
-9.89501091966
-8.71682024622
-8.12814201853
-10.9843214056
-10.7453513206
-8.91915200887
-8.97743220169
-9.78060072407
-6.05491151309
-7.59465800476
-4.82129163725
-4.83436354648
-8.17372991196
-4.91899522445
1.22112874201
-4.44502479906
-4.12919712731
-3.92781408156
2.83699277263
0.998079086044
-3.96878251508
2.19836375706
1.93673478691
1.96115424084
-0.929965622332
-3.67962322
-4.16749957889
-2.64228349741
-8.68602116589
-7.20353758797
-8.99588090827
-10.1336731854
-9.89268484359
-5.45353475566
-7.26148165256
-10.6613703453
-10.3380309772
-8.66381904974
-1.44380999921
-5.60691400954
-4.7559189708
-7.61265005817
-6.34760324089
1.68705983914
-6.47955770364
-8.05239128211
-6.39061737654
-7.30827113516
-3.56563140067
-6.76003386139
-2.49913960898
-5.48209802946
0.00346564324647
-3.24783278257
-5.5142032851
-4.47279299179
-1.09932893175
-6.26857485368
-9.12799865235
-6.86685348066
-9.59113547927
-6.27719457171
-7.84778981763
-7.21838954343
-7.68641419158
-6.76203790477
-7.75570979888
-8.02376328333
-6.19532761615
-5.13108858217
-2.37381955828
-7.90998477676
-2.86411140668
2.7575111884
-4.49850289445
-6.89158906928
-4.15549780143
-6.80598811114
-8.55089971279
-5.43335881782
-6.13565143128
-5.23669570646
-6.26110839531
-5.18035945
-7.337329577
-4.85167317998
3.95805646416
1.85699752689
11.1572821942
4.52084675602
-4.17378879608
3.01310250634
-0.374221549204
1.09566464605
0.844279186768
1.78241146798
-2.57309157293
-3.31186014135
-7.0018399113
-2.68686469249
-1.83607750434
-6.52137534262
-2.67656769472
-3.49329900475
-3.59339293349
-2.43402948793
-5.11268695858
-6.16064915488
-7.5774848186
-9.23242517342
-8.48849177736
-9.76438016303
-9.06781076472
-4.76458815421
-6.27837589529
-5.08132235723
-5.00434638925
-8.53389873092
-34.5711309416
-59.1765927848
-56.5513149361
-56.868647449
-50.0184644069
-34.8106899797
-38.4413171501
-56.3042557884
-43.7958796571
-45.4061178337
0.720138608711
-2.80069233297
-2.84707317577
-3.88002792946
-4.5524709145
-3.31267841991
-1.71610728029
-3.28363683287
-1.68924620308
-3.10137638296
-7.97206842741
-6.90910052004
-8.25274298699
-8.27080022769
-5.25639561655
-4.83882701598
-6.12661357401
-5.10710446807
-5.79295563689
-4.4527533201
-9.41609301216
-6.32001961318
-11.2663230513
-11.8834239284
-9.38548469915
-11.511396613
-7.1101356391
-5.40101101832
-9.09236282255
-9.79599147934
-5.00138690146
-3.12757149891
-6.4291451833
-7.84883587037
-3.66717142187
-7.99006976343
-5.78955994936
-4.55052312502
-4.9567922354
-2.92121594614
-6.09901635373
-6.66689866395
-3.64632284277
-5.89640574089
-6.59901527805
1.57714739074
-6.48230769384
-5.5586669768
2.23008264612
-4.42425498057
-10.2329852193
-11.3297623434
-10.8381957957
-8.79119805956
-6.73530805127
-11.1282074176
-3.71427994133
-8.40132139548
-6.79955931158
-10.5422597264
-5.13111487276
7.14476497252
-4.49074970214
-5.44232781686
-6.16936522423
-6.86947536886
-6.25325665992
-2.58191668583
-7.99511798983
-4.51716544829
-3.38838132348
-4.77779367316
-0.360954291333
-5.32964562219
-6.38973983143
-5.75260844997
-4.70495493913
-3.00327998058
1.63687488365
-7.21571836607
-10.2252174791
-10.6557630306
-7.31487460821
-9.09451660639
-9.24975246944
-8.41624402227
-6.47552321384
-9.880136986
-8.79720825594
-11.0497254411
-1.90116076451
-3.12297798255
-1.26205789035
-6.12503095978
-3.75572042356
-4.98867965874
0.822703052767
-4.4490806071
3.06572931426
0.825110980106
-5.51741108482
-6.79858959398
-7.62864327939
-5.67940979986
-5.70277862588
-5.00655328115
-7.00115755623
-5.52027539348
-6.89680345885
-2.40663488783
-23.5693787516
-26.4150851652
-25.7274402668
-27.5924336088
-23.0283666537
-22.5512744261
-12.1850330516
-22.97494195
-17.0296457199
7.69977696078
-1.21718005363
-7.12394574628
0.681092719475
3.97945034821
0.00742234778676
-9.56847520723
1.59259300954
8.24524385171
4.87991551791
-8.21130146347
-8.18693195348
-6.82789299555
3.77575803818
2.98851417355
-2.14981751063
2.19189007239
11.4354233344
-7.06981918008
-7.35486596104
2.65751037432
7.22014593765
109.114883054
56.1645567556
37.5928141496
146.365587724
-4.68884051449
-14.9894509468
38.659621381
-14.5977840773
37.1825927276
3.94735266549
4.62806420785
-2.46157593045
0.758302246105
3.59597613763
5.07938711064
-0.813670405086
4.3313736521
-3.97650339884
3.91066204237
-1.7208523057
-4.84562650475
-4.29369063545
-5.47673998863
-1.90002002676
-0.372112063057
-5.47965080698
-4.11666201594
-1.68809665053
-3.38533224803
22.3087706885
2.87184760303
6.04199615087
5.37385039408
-10.6309136916
44.1863390755
-9.53372240935
1.75360734821
42.2721587966
-3.86832670991
9.86414419462
11.2227797137
-6.74847468146
2.29440196213
-9.69427934862
11.9990102001
9.90620131437
-7.38371175129
-9.19782295808
3.80240477679
-7.80883441973
2.90702934402
7.19717722968
0.138676314889
9.45015264454
-2.37237035092
-5.41239502749
-5.28210170665
2.40846582838
1.86760132829
17.7938000639
-14.9151409218
-3.32136417349
-11.6193910382
-11.1224864501
-11.8477929429
-11.4748726765
-11.5818809653
-7.97237897161
-15.0783222567
-3.61583292672
-0.447360873089
-0.504245103118
-1.86718775897
4.24393100671
6.0510793529
-4.88089247958
-3.30320566095
-8.89716751961
-4.8176009252
2.36836248946
4.1028858988
2.57384603994
6.7994538213
4.99561448247
1.90055994307
4.46894951111
6.95238562561
2.94258609003
4.58357822481
-11.3709548327
-14.1033904149
-13.72530319
-13.2682064332
-10.7206383174
-12.3832110433
-15.1388561839
-13.4761276332
-11.7280160792
-9.89992644357
-0.133612041909
-0.0692850221888
-1.19897579097
-0.607019159597
-2.2367234248
0.284766847655
-0.421967108372
-1.54303421699
0.311238798084
-0.6770404094
-7.06321180866
-4.01907423424
-3.52388240942
-5.49693587655
-2.39062273688
-3.28288633186
-2.30423951861
-7.24806358971
-5.69478523988
-3.23683811649
-15.5738809917
-14.2149245419
-12.4577276472
-13.5774979267
-12.1694004225
-15.8354391233
-17.0705083376
-10.6570495458
-12.128139319
-9.98781291047
-7.14011302598
-10.2813240427
-9.98859639899
-9.52707644487
-7.97900505167
-9.47650779809
-3.76919381935
-3.49552697907
-2.86485848818
-6.75454970519
-3.74124408991
-6.63777724255
-2.2903159263
-3.73262993408
-7.77302453476
-1.98421464113
-3.49486843189
-5.03957053431
-4.29196535937
-6.80148756084
-35.1963500936
-15.5594784641
-21.4100903496
-39.631328871
-30.4026741055
-39.6501400598
-29.9130071981
-19.7947759449
-14.3283390165
-17.1170578435
-6.91127098162
-3.39486296079
-4.51580609648
-3.61167592884
-6.10411538902
-6.75331401145
-7.10819585283
-5.72544992227
-4.12885230578
-4.55755032778
-5.50561283092
0.369530471953
-5.53531246655
-7.61191703195
-1.57314791499
-7.76770845979
-7.04138184588
-6.86478888297
-8.61577086543
-7.91558147969
-6.86088038703
-2.50036398716
-8.39122908369
-6.25048819452
-7.72300534961
-7.10911348928
-3.91898420844
-4.47250510129
-5.72901135816
-7.98376590145
4.00257040744
-4.21803737316
-3.09121165852
-7.38348131715
-6.30623496166
-3.94170509415
2.12469134309
-3.45568308609
2.74289258333
-6.76559316227
-4.8105047057
-6.15590862537
-4.07642452153
-5.63193792211
-2.49590049383
-7.67052803172
-4.55439977434
0.564156061494
-3.95895747043
-7.73550117688
-9.89225631874
-9.27927132249
-9.65506470049
-10.5038613681
-8.72887535342
-8.68755723199
-11.5931136635
-9.70864247296
-11.2527446306
-9.54808368101
-3.82323608307
-5.33765862881
-7.33611193906
-5.05758247523
-0.478647488778
-3.12767605132
-3.7002242052
-6.62833090568
-3.11368548557
-6.57061535371
-3.63968457413
-4.73092265237
12.3221762339
-4.70187156238
-5.78670088021
-6.95984749942
-7.38934703077
-0.302472687426
-7.31691053417
-2.83601240991
-10.9533228678
-9.76863867359
-10.4329394553
-11.4412304715
1.33035786209
-10.38216892
-7.35718615303
-9.42444686112
2.73191685787
-8.73538955318
-4.26610637424
-2.87749583791
-6.35507424283
5.62571452887
3.46703585809
0.548123546193
-4.05001978514
-3.31396519654
-5.57078866603
3.09382610801
-4.18054122838
-3.4027964231
-7.15848450002
9.04783521857
-6.45305481779
-6.48809370683
-4.95027425668
-5.28546039819
-5.77335229768
-4.63205726648
21.7062575837
3.50719729659
4.5642301104
5.08283538275
4.87389727521
4.61417765237
0.392790206195
19.6244735574
2.90330004022
22.8680166204
-7.22433208469
-5.04001666661
1.78095604971
-1.0359818163
-5.27194116715
-3.8727974767
1.90116484834
-4.82499459732
-4.20161266027
-4.07038628898
-6.8723202737
-5.70990943958
-6.14480344155
-7.31621553486
-7.08943276275
1.4560529909
7.18783245887
-4.0744307925
-4.93396418606
-5.91164842587
-10.0096731981
-10.7770887271
-10.4101333778
-10.0505478566
-9.12178361939
-10.7603154656
-7.65468324555
-13.119547929
-9.16005081916
-8.09952532802
-3.88761684501
-5.97751989308
-5.03118091923
2.94872341753
-3.5372675666
-3.62023734236
-5.40592865808
-5.25027648777
-2.93895107462
-3.28732227581
-4.76228234694
-3.90508395148
-0.658869497026
-6.33471436898
-8.1427509126
-7.23570646699
-7.81667751017
-2.81701094752
-6.4208355344
-6.30191025638
-7.6411566003
-8.4690933162
2.76155192972
-5.44724770127
-6.99351216352
-4.01886897835
-4.73503013997
-6.67902091925
-5.04014502958
-0.876119936195
-3.75343522137
-5.30768787649
-4.72308018019
-7.56122556612
-3.27574249213
-4.57293935417
-0.200041904851
-5.61054680164
-3.74656956953
-3.46798504983
-4.77081419164
-5.64797200211
-6.56701258313
-4.04819359708
-7.05977601968
-4.71044924031
-6.89839835821
-4.47709132648
3.62264297214
-4.72770571319
-12.5795256251
-12.3420241137
-18.2974285933
-12.3064423483
-11.3910231783
-14.676971809
-7.92363940915
-13.9066930642
-18.6910131722
-14.0200376711
-4.09797301573
-4.75996177321
-3.67192330678
-5.97437713106
1.98690416346
0.616089547804
-6.68429195378
-2.43205051434
-4.31357428627
-3.32767168088
-1.05385156977
-6.30110717426
-6.78537760079
8.11218443397
-8.72823848366
6.75766826274
-5.40855025369
-2.16952990823
2.1642808034
-1.90401605381
-10.2693164002
-10.082349617
-9.99236794269
-10.6206928337
-8.82386298952
-9.31291238433
-10.2400399343
-8.16027761476
-8.17535852736
-9.79328966022
-2.38756850864
-6.03211203374
-0.998306895979
12.2885268621
-2.10657639583
-5.44558231752
-0.828639986778
6.48122169849
-1.7229044933
-5.22522640226
-7.91949402375
-7.37399798074
-7.81587145349
-8.54002735707
-8.91264301284
-2.96455463124
-7.63840257947
-5.65259798484
-4.21477335614
-4.22217485836
-10.7866799639
-7.08832042079
-10.1078539069
-8.76895526704
-10.5240209277
-9.87358533062
-7.17613225887
-3.11705192882
-4.71229462349
-12.2658330094
-3.91491873087
-7.26830614762
-1.97777653549
-5.44042836744
-3.96864722517
-4.08424905021
-2.08039414019
-3.72439748828
-6.88882544021
-6.21376837828
-7.41057855673
-6.89824104866
-6.77600476387
-6.99935955976
-4.5367303265
-6.45615023822
6.38242717288
-7.07096180455
-6.84499552024
-7.26589111066
-12.2054242735
-12.8886745083
-12.3476913697
69.8088601531
1.98864747046
-12.3880496836
49.9452742562
12.6056277797
12.7813804108
6.49694689838
4.79599980365
11.1899736011
10.1848825856
-6.93765458307
2.22154938274
12.6211980402
1.12422702507
9.26751969431
0.248601351758
2.72043523862
-4.35920480547
0.712761947987
-7.21577524766
-5.11669827669
3.61187867145
-4.78285682308
-6.95663319762
0.275789904608
-6.44824197633
-6.12501250644
-3.47159488315
-9.52140524862
-7.71137578706
-7.8613649053
-8.72010149823
-8.75948660291
-7.30461556967
-2.31613398453
-7.68437402093
-3.90942216315
-3.48652821168
-5.42660477461
3.50386283551
-4.8790982445
-6.43119866234
-4.43190236791
-6.4100158555
0.575859238285
-5.92951884335
-5.99883599428
4.24381384228
-2.49640262997
-1.45272682965
-2.51099797886
-0.520232539279
-0.124379917976
-3.30955484431
-1.70163562856
-0.22324154049
1.03084215509
-13.4901199072
-13.136717474
-12.4204018618
-13.6409815215
-12.8168268325
-13.169558855
-11.6004745536
-13.0057296924
-14.9416976418
-13.5160118218
-1.33817014854
-2.2546103689
-3.92807658473
-3.01943448194
-2.88323075159
-2.5859013967
-0.688892698995
-5.37820635395
-5.89955396199
-5.87890899475
-2.25876010159
-7.24272408671
2.6980547514
-6.70786884539
-3.60002736835
-8.58590724018
-7.71882973173
-2.71356242926
3.84129665905
-0.156195124666
-11.979656517
-10.5217467233
-9.2353591969
-9.99631129797
-8.64220129124
-10.7025838086
-8.79162874497
-12.8481862021
-11.32167385
-11.0133310295
-5.76852038948
0.480562479897
-3.61737695071
-6.30701623727
-2.47173012647
-6.19698345601
-0.849448659225
-3.819107977
-6.63352625126
-6.65777413408
-1.36632838381
6.46467209039
-3.82933032784
-4.10046230096
-3.9791746187
-5.62102530143
-5.94453216231
-5.61818534746
-0.722343676922
-3.50845150468
-10.0008723499
-8.83978730884
-8.27476949767
-9.67680624084
-6.11122513984
-4.48414272231
-11.1695642895
-8.70813105576
-9.56489417067
-9.05326502138
-4.66284169696
-4.64142471836
-3.78060255968
-5.73254311412
-6.22409870185
-5.58084374509
-6.78653073737
-3.8017417928
-5.15059401398
5.4316813891
-4.55816868437
-5.37223715027
-4.89833268987
-5.33782974155
-7.68466414232
-4.0186343675
-8.57124294855
-4.5979618315
-5.5669148777
-7.59693347144
-18.1495444528
-16.7095425872
-17.144773546
-26.7833329774
-15.823125622
-25.7568826514
-24.4049636637
-17.7009256139
-18.6088423854
-25.1565593208
-9.57034690652
-3.33335102773
-4.12758082572
-6.64696870268
-8.54050837936
-4.81567271658
-9.05957889657
-2.41876189347
-3.13384725485
-5.05644286086
-4.55180750164
-4.25060958064
-5.03097426178
-4.60760276929
-4.94965856999
-5.11294519201
-4.89671521115
-6.8874677405
-3.10371389723
-7.80281720837
-6.84910602436
-8.71037403771
-6.77035485239
-9.4570524011
-6.68232352091
-6.59868688547
-10.7599579215
-7.82946270478
-9.97304638275
-7.68777954407
-5.93839007623
-5.10594782459
-5.94520881402
-5.27074357185
-5.06069284326
-5.2154985701
-6.86061106437
-7.34544050194
-5.46898417954
-4.13581056039
8.91247027601
3.57283340751
-3.76806641854
2.35446049829
8.66966136878
-2.89946059055
11.210146493
6.26888152782
0.910096694885
-2.32094206867
-30.8383034215
-27.9876408296
-15.6196590274
-18.4166966078
-21.209327484
-23.2507947403
-16.9909262739
-20.9358597648
-9.35627822636
-22.2762228888
1.08662194196
0.758160708092
-1.13273431507
-4.29664731598
0.871424304439
-3.29665127701
-0.288483680268
-2.07433865208
-3.43039087556
-3.34080768253
-5.05770387812
-6.90785873315
-4.20976037371
-5.40627874779
-4.27161565986
-5.28732698503
-3.55486722233
-6.26199719528
-0.891886301238
-2.55829353608
-9.23537386326
-6.72758004955
-3.68449011015
-8.50243642731
-9.53595490406
-8.47744556483
-7.97054334668
-7.19058744925
-9.32407779017
-8.52290743223
-3.38093738205
-7.36935865912
-7.2539195323
-8.03745804953
-3.2684345808
2.56195198687
-6.49258099138
-4.41605737963
-7.57979714014
-3.24193032488
-6.16110620214
-7.51956051448
-1.45380055661
-4.97094109439
-4.05017275705
-7.18905477944
-1.76805847631
-6.22109301167
-6.53698896069
4.50770245098
-6.3374819118
-8.25887485994
-8.65440722405
-9.38157003881
-8.82106511906
-5.21167401273
-5.63530425322
-8.07566564085
-6.88146243592
-10.7637184613
-5.15158072094
-2.3578587921
-3.1765852802
-6.66406162909
-4.77735970224
-7.55161875859
-3.39964459263
-0.988370969671
-4.11134453943
-2.95529964392
-6.60042601061
5.35320621476
-4.99036066853
1.16634928502
-7.10358974907
-6.67721912164
15.4645961117
-6.67276830367
0.602152351529
7.65280401995
-4.12508404084
-7.65648419785
1.05930486061
-6.9277792017
-5.57805843623
-6.04625025904
8.04004402717
-6.94508998682
10.20064627
-8.8198162766
-1.40171437522
2.82425072603
9.72250339121
-5.47589025466
-1.20379357633
-6.6359073104
-4.64330631718
-3.43284725111
-6.05701361242
2.63919194372
-7.05369769668
-6.7171338201
-7.81436919795
-5.51829343916
-7.10492316112
-6.01410714286
-6.80906625153
-7.89711953887
-8.83189936013
-8.2889237347
-6.06757733095
-9.97165745118
-11.0319197262
-5.27186075069
-10.9300413332
-8.52736342127
-11.1840115652
-10.1980380596
-8.66654578491
-9.41029812246
-2.9732737582
-3.87095074011
-5.97854709434
-4.5730311976
-6.71251054587
-6.47914886251
-4.56220837251
0.0971593960563
-4.31179274277
-2.89432441916
-5.3848012154
-5.04263058145
-6.36628090586
0.629254305714
-5.8966832227
6.79647481109
-5.4921268621
-1.90176697472
-1.70485355761
7.49071865049
18.1681730915
14.3980175751
4.71765704055
2.40640329563
-1.40437471889
2.89833122529
3.7907102089
5.63965319853
9.29494793248
-2.90978696586
-6.04022776221
2.35022051818
3.03221419151
-4.6436270259
-7.72449808295
-6.16462536998
-6.966191184
2.28479649823
-1.59764830811
-3.70441731871
1.94129652083
-5.24506328993
-4.70809806516
1.43413722004
-4.82616068605
-7.83650390371
-7.76055106712
-5.64106739513
-4.90464645872
-6.98883207365
-9.65013041377
-9.53627717647
-10.6112004038
-7.26088723655
-10.4317573821
-7.62132413072
-9.64334932991
-7.6019136009
-10.2813016224
-8.37532446264
-5.91390086672
-3.20885476573
-4.74583704234
-7.25823365616
-3.96009830751
-2.84970142231
-1.6357366409
-7.45974872453
-6.5589416651
-3.50626505249
-5.93126646748
-3.65036434366
-6.24329774534
-5.64808595624
3.63599862708
-8.65073539304
-3.5738335979
-5.19315229002
-5.39359718997
-4.66524686183
9.39898942541
-12.1413604964
11.0042746797
18.8701808723
-2.44496828977
0.448654859859
-2.205314775
-0.917848036577
52.8985405783
48.8179795831
-11.461531537
-5.51190637952
-4.01286219345
-11.2011072696
-3.22502331935
-10.5427740122
-2.91606291111
-3.25570437814
-10.1032185736
-3.49917534923
-3.25817603196
1.30840961371
-2.94054096796
-3.61950612784
-0.787681705735
2.05841829832
0.836721935915
-0.970885795519
2.96670143761
-3.29245872047
-21.1121678909
-28.7962988396
-23.2039973709
-32.9849068488
-14.2171909294
-30.7833151104
-15.009400721
-29.5719624609
-15.779672984
-18.3056353856
-2.6978400868
-3.4249541393
-4.85716102414
-5.53815432146
-3.52430039978
-2.84521418059
-7.3936963294
-6.96896396242
-3.19092919947
-7.89437321141
-6.38157063261
-5.99547324727
-3.62124798611
-4.55015948636
6.25813127828
-6.12076887066
5.00033198075
-3.1065053953
-2.54499753062
8.43434268425
-12.8483705813
28.544613475
-10.9798353533
17.2839180193
-11.5211274783
41.0002520241
82.686401458
3.58828300222
-1.6620265382
-14.7019424559
-1.74441057908
1.71177839059
3.80011253037
3.7284721077
-3.47839077697
-3.52207730634
-1.86247295003
2.71928605264
-4.33313083375
-3.36729923215
-5.52621809067
6.76101548119
3.98030281364
-8.5464704627
-5.18939649706
8.68079122826
-6.25517644606
-7.25849652053
-5.2171502204
-5.23776548254
-8.46383833104
-8.51282145894
-8.09482957504
-8.59905361961
-9.75181756455
-9.8973231029
-7.21480791451
-9.9483126063
-9.53359443611
-11.4869765887
-3.13640449549
2.27553222515
-2.83827560374
-2.74463147806
-3.04303380726
2.13627078771
0.992715439441
-1.59329211598
-5.26211003886
2.02675840291
