-0.385294454671
3.92591007937
-4.94204852047
30.0186463649
-2.58313928251
37.1788377062
2.58152388646
30.3785304941
11.6710121943
-9.1081081095
19.5229175184
3.98704628564
20.8525543648
38.8512002927
23.7936513553
15.7917268323
8.56147954843
-22.5620157771
20.6952890762
46.4495247277
18.9840549292
17.9729548152
7.14219389493
8.68260610057
4.64246071525
-4.43345779388
18.7910532626
15.5216969524
7.30194744481
15.6845265878
-1.04159664625
16.3756019739
7.51179733004
-5.4484725831
-1.9663716546
5.44207569405
-5.09958910812
-6.11019032622
12.178774022
11.7746171041
13.733692512
22.2485554936
21.5897305467
1.05883309111
1.98494706769
9.42093002774
19.0544209749
9.94413756295
3.74658346811
9.65962466849
5.48375336626
-8.61498509129
-2.90911808038
-18.1355658134
-32.1552537689
7.82683745844
-12.6840619244
-22.4916806547
-6.70624366291
-9.98731119542
17.0527327749
15.0525809751
13.071011016
8.39717282657
-0.751041164545
15.5506537575
27.5422520793
19.8559775158
19.8910484294
13.751507836
7.20447413625
10.6752571533
42.0693162579
-5.39807735269
-18.2656438893
-0.718267160385
-5.20123724166
24.6403502315
31.4184295257
13.1921675057
-1.96872585807
-4.00503412441
-2.46655543474
-11.8698558344
5.54184351583
-12.5302970324
-14.4200962947
-2.6664782847
-2.2443715156
-9.3674319506
15.4820511484
-20.28042832
-15.2250701084
41.9339306281
-14.846554553
-13.6415026827
40.3669937955
-2.45352821638
14.4333010383
18.5961861165
