4.31172059468
4.22697928635
3.96420416119
13.7620690701
15.1607942543
2.4641813549
15.1262292588
8.05311334219
5.15743347768
12.1593099137
14.8076581786
4.16827914777
1.32134457151
0.856449752802
12.8820218112
4.98765936921
10.4010547792
2.74271715752
12.8017740778
6.44013349033
0.966514690137
9.63903704726
2.78845930787
6.87302421392
6.69542399202
14.8522041972
14.8538558796
4.98493634354
4.01028408222
13.9302425051
10.9755016698
5.13436272711
10.7104471394
15.0400900419
13.0138263274
0.915171248802
15.6573275825
14.4115059208
6.28359034659
14.2629366641
7.58203756892
12.1551943089
13.2469586294
2.16141204721
5.31298346318
0.684109457826
1.1111778739
9.87183739637
9.47667358521
15.390850434
4.01115132583
14.9616459859
7.60256452965
10.9176399045
0.678149654319
15.3874873755
3.50592443207
4.202837371
12.3515206084
13.984896376
15.8725298901
11.3328470748
6.62037974307
0.0231138107402
14.9285084072
13.7540324369
1.13904470913
3.79226920736
11.7783745376
4.1645256673
2.6835138757
15.5949558067
6.26678097622
4.94229085754
3.67048623971
0.978810641274
7.49638035965
0.380166975643
11.4905886974
5.89812519142
8.82063523531
13.5995649032
8.49148386297
15.9370676579
14.7518695248
8.71752341121
11.1363437799
13.2867025905
3.51442083574
7.00967868139
14.1485820133
0.79806807226
8.58984555193
4.07409948794
6.37353202754
3.71845742954
9.79670751901
13.2707876817
14.7950534984
2.38177858663
14.6215706255
12.3578973508
12.4788816858
12.4879484951
4.35925066056
5.08348258209
7.33191567471
1.32807119388
8.20653219672
10.3824959072
2.59940628731
0.922843074828
14.0606639023
8.46598873676
4.50308150193
12.4807165496
8.36620500697
7.69801974372
2.2412391237
3.82160541068
5.19332389293
11.1902253718
3.75912461481
6.96099731353
15.2667932463
15.3997673765
4.3967310532
12.2477773388
14.9185994375
8.41695304551
10.1520516766
7.77101587993
4.11651706765
7.57263941264
12.3661902889
12.043255824
4.10641047712
12.0933444938
5.81815530361
1.15967412843
12.9283251449
14.9839174012
1.48733517162
15.8585128532
5.94483906233
14.3701610858
10.4669073457
12.303012511
2.70444206364
10.8399331537
7.99417462926
5.21002180022
2.53404239249
14.584474051
10.4338126908
12.0041197098
10.8302695304
3.19879942139
15.5084909105
6.3882801584
