2.37279446765
236.880360986
259.279744428
204.248605347
223.221720061
156.216232723
216.87020398
217.179671621
251.392732146
228.239883859
-6449.27647341
225.46783365
69.0632545422
-23.4274538181
28.8726399332
215.870739415
222.624869015
238.616163013
239.464522842
217.53367058
-156371.953952
184.668311482
52.7423823281
159.547598331
173.960784825
-38215.4271297
275.168100338
193.430755673
269.93847668
168.092072803
238.82038925
168.316365575
114.193935981
222.741075775
133.784609884
124.931345934
149.758576523
153.370220768
159.302153618
155.989208605
207.161180111
209.64054453
207.309290675
72.305995207
212.497268033
134.097425202
200.954738366
212.336699643
122.454749212
196.131947277
-64611.7150784
232.961038392
262.077983725
105.542908071
227.574335021
57.8455247898
45.1805536643
201.280513761
247.140651672
289.508912457
121.356868959
205.107710345
-353.280999422
87.1161957632
56.3334936402
-154.623053311
102.766286917
7.98962938397
23.3836028295
90.6791855105
134.785395138
177.193215326
185.761533321
204.382230878
132.971744865
-23.0423602031
162.153784812
36.9960862815
182.216068377
103.595211039
184.901045569
137.469746333
140.118590054
25.5313814509
-300.200712237
151.874953059
9.46780257018
67.4757380594
147.873366826
201.196686519
251.521721698
236.098400503
117.1449094
76.9203129058
32.1831251777
154.415985328
143.298727042
78.934048049
158.035450511
101.915214374
182.582174716
-3331.05169651
-4.50427036482
190.870194588
-10.419931908
155.874081442
5.06015833811
159.976046305
-132.672567449
43.5392367948
251.202029832
-440.449645571
224.65446217
65.3796445619
-73.7672849136
-287.992323713
248.015164509
223.976664852
199.094869815
141.715558689
217.445384988
170.381352766
-24.5720496212
167.857814999
143.828069095
268.379439741
214.556310446
264.581337913
253.36885321
72.3041047069
227.728686271
251.53239659
57.5360235559
186.268188646
133.201385279
207.272975672
120.133568843
209.557649165
169.901383059
160.7348925
244.03258756
239.117756332
109.553802394
188.556280059
173.238452621
95.9257860047
296.976069816
262.948724007
180.037123611
219.975514773
111.707414822
86.4535135102
124.87775042
290.280884126
6.34375934568
72.7243444932
213.667970323
184.961353765
222.347554116
141.302937875
77.7373913846
1.9287521396
2.25493160352
218.732298144
208.380740034
42.9581395937
96.2973210887
210.272780326
230.729461794
211.335215308
278.579775192
294.689392495
273.496432681
7.68330090192
95.3809788025
236.03777341
92.2462524062
301.033017587
121.173722969
8.38780559066
