-173.680895468
-122.952269598
96.4484428057
85.3834279875
89.2718197754
75.2783356178
87.977639736
88.0408781629
94.9066247975
90.2885949736
31.3532657239
89.7275655411
-151.052209547
-169.449456249
50.8561909518
96.1212937241
97.6364734731
101.167124698
101.351958042
96.4955549145
18.4119702882
88.9700658044
56.8876050112
83.062650409
-139.086456187
-189.193831968
94.9720923835
79.6203139287
94.025270517
74.6734974137
88.2787718008
74.7175966178
63.9338746379
85.244729713
67.8686818468
66.0946510473
-133.496029671
-132.569872195
83.9057695457
83.058468442
95.7924454696
96.3860534505
95.8279816891
60.9284731961
97.0665685888
77.3964655283
94.2950764281
97.0284193756
-143.26530204
-129.375177209
22.8639818424
91.0503485203
96.6218611819
65.3525700258
90.0040775816
55.3399545287
52.6531971683
84.8368889295
93.7822311397
101.71466184
-120.361520129
-110.600300369
64.1161920878
88.0982489976
83.8080806905
68.9697095898
90.2585327458
76.9719241703
51.410678153
88.5913615281
41.3352646424
100.303785144
-115.690284504
-113.343395089
33.7142458554
70.2133958043
95.7751174076
77.7868181737
33.2153909864
40.7377420837
98.8992654833
92.3249287149
92.6978846581
76.0867990413
-156.29539816
-127.378912687
71.9787766324
78.5735647044
36.5409264712
93.2162654251
98.440173009
96.8617278841
84.1156352095
79.6353582027
74.5756045475
42.4704314366
-117.442225069
-126.314738327
37.0453199976
91.1299331356
102.725301919
42.2799985722
75.0701322013
30.3199852946
74.5503584571
36.378293977
76.4037809631
99.5594306713
-149.840230839
-139.26254404
98.2847842669
56.0364804696
95.5856673796
78.4624315882
67.0978489701
57.3721169491
33.1535673569
95.5159891626
92.9346933678
86.8330290481
-130.688940064
-142.426803011
23.9020844303
71.6885808041
65.5175709614
96.2505610668
83.3969404155
95.3742073779
92.7554960568
46.6912866172
86.6176590806
92.3224263746
-163.52167844
-128.541915473
69.3145510687
90.3482138477
65.4877954145
90.9750168119
79.8913129165
77.2750830698
100.208192357
98.9213692068
62.3687766633
85.156269242
-134.112093572
-151.489654047
106.271831536
98.4175364374
78.1471663956
88.0716614811
60.6510359289
54.0497517722
64.0669344217
104.756487759
32.7169276189
50.4343567815
-114.590827278
-122.639547794
102.244495004
77.3536936007
56.4723266465
30.6119852829
30.7250576343
101.199973128
98.1634242606
44.7183777786
62.6572165028
98.7231318478
-122.762817777
-125.39965071
98.7587989544
100.815452979
98.100481714
60.3491310847
73.3207881353
93.13679461
72.8638457177
101.611389332
77.0591625445
60.454768169
-109.114720949
-123.409816787
82.4405034427
103.740690756
96.9694559971
102.591085902
77.4709226791
65.4014473839
102.376094929
104.950213661
104.329314365
98.3619011956
-124.336938042
-115.702061904
80.412017922
95.1123661545
99.869592967
86.5349913165
96.6380830318
64.7781816048
77.1036009673
89.2693453631
97.6751050705
79.4596633348
-113.64452246
-148.605056286
98.9218660033
71.8065396967
91.3184279463
68.2000911305
91.311913313
91.0749049395
98.9176536692
97.8109818559
85.5537712578
92.4701602873
-143.62354271
-121.757772066
85.2153495862
103.591692129
102.30551899
98.1123586263
106.59802625
84.8528603909
98.021292006
106.680772726
86.7042065915
99.703715943
-107.512200394
-115.080291259
109.620810705
69.9336705065
111.669946656
87.9041701533
77.9021771628
76.6289341967
98.5748319019
103.068477593
86.9199216711
82.7077992656
-113.171068639
-113.055847243
102.701185194
73.961755946
65.7261954371
104.582773589
65.949377507
95.0831567396
100.901143375
81.6428104232
67.9571736188
102.413881119
