3.88688350192
2.30342357412
5.35517670995
1.16392092791
1.39863279195
2.57563410864
2.74902168213
1.49873166443
6.67471148777
6.01636037896
0.860380255413
2.97443928236
1.87305122437
3.6312775648
2.22441142739
4.039650947
7.42714930185
3.07929506741
5.23366969426
4.79487515188
5.46317925708
0.448018029403
5.41137838095
6.8749923984
4.38505007973
2.08935877923
4.88497396255
5.17325851355
4.76931791277
1.06749498162
7.83668293689
7.69103759674
3.41832478995
4.77890527684
0.319018349056
7.95871419172
6.59106928052
5.12397764134
6.12689216142
1.51368044662
2.23520741412
1.79012736437
4.33048443088
0.667717672889
6.50688838581
3.35858019511
3.23170181124
0.760760572494
4.97604336453
5.93499194066
5.0680112038
1.94833286019
6.32280189432
1.17275005872
6.65974833136
4.67480029039
2.32951195573
4.13171724605
5.06238597132
2.08169981593
6.15304267828
3.06054075905
6.48311244033
6.0699420138
0.721790954451
4.69523947753
2.25584073641
5.47843377221
3.94238975436
3.32459982803
7.20789081036
0.460903190369
4.48652402939
2.63975327213
0.283957771335
6.06598245567
4.52213035217
7.1980579006
4.81612862894
2.71319678978
7.15793083919
0.840698992211
0.382168213295
5.322728724
2.6945228555
2.62615754718
6.36828195644
2.37789133933
6.45878191587
4.67877532837
2.64891799036
0.479250381035
1.97318180766
7.79592981807
3.26248968604
1.28830300166
2.3990692947
7.24177409935
1.32809723587
6.26193703227
0.979833988209
6.9848278731
3.85210898249
0.313643167442
6.76367869977
2.60262131198
5.3140057652
3.80490353537
0.6726359348
0.770553595134
1.20129221827
1.29769395641
0.424695223256
0.378465860091
7.63504713097
0.734918097802
4.09233784003
0.954994988503
1.72908734793
6.14289057404
