7.0731998412
10.3343069465
5.12160778067
7.81082495862
5.02225836396
0.432841063008
9.34064019088
0.312318818259
2.29640549845
1.32734987489
8.90748270457
10.2974060565
2.07137716696
1.94621908898
10.1648805703
8.47105605292
4.11718428734
2.45447090344
6.76773045185
3.78735064589
7.27011418175
8.39024107212
0.927871790008
5.80951333709
6.50693800007
8.06340166028
2.62592846274
10.4163177907
5.90636999259
9.80445063538
8.474629962
5.68773973562
2.31628398066
6.31020578658
2.28160681909
1.12151174678
2.81397631672
9.7742732105
7.98675723166
8.24183316903
1.90836690445
7.02452856458
9.31685417296
8.65684550757
0.649548208138
3.88614041045
0.716210220655
6.573780281
5.5726521344
4.01295831161
3.13071181948
8.16494227934
1.62296002393
0.756257934349
1.38171820423
4.79456843591
1.62370195378
8.63938561376
8.3582579938
3.00328396733
5.78735255742
10.6594247606
6.45199270492
5.03836071082
4.46262120066
7.20421735575
0.587529157902
0.168126360381
5.69241374889
5.18141291685
10.4366385668
5.09408062231
0.688250104014
4.2207578807
9.40875818824
10.542054968
10.659754806
7.19444614291
6.48303493496
8.15184364877
5.54426428141
8.07416017005
8.37945431526
8.32595505714
2.74019201445
9.22588684297
8.25097431229
4.67850777688
2.41410070049
8.29516537621
0.351930822718
7.74589074401
5.13859705172
8.29211250031
2.26097650741
7.95441289717
6.40603255774
0.00241971861825
10.4291850417
7.40209235315
6.30320611411
0.0507984124722
4.5038276992
7.09689938308
4.3132977585
9.20785396414
0.783550654348
9.12634558278
7.97064110691
9.55413657978
9.34688451863
9.49109936842
2.18420521009
2.60394958521
9.96415784702
8.17087280816
9.22581290266
7.94665823308
0.938458518241
2.85330367451
7.70616632449
0.0309064966573
8.78996771843
0.49098655619
9.73599385385
8.56363454219
3.18305919732
3.95480537895
9.21454905308
2.99429829115
7.43002598235
4.51185307653
3.43025213125
6.42513573913
7.39395244942
5.9912465328
6.25400749415
7.92544567722
2.96315934741
9.97463788996
1.85566997746
6.33242703078
8.51196142423
8.6617892639
4.5199829136
7.85159402559
8.77449303476
6.44587384494
0.00647052800312
1.41763331427
6.09846770037
5.28991730544
1.55620170872
10.4209783473
8.15163537764
9.85117749987
1.86497791077
8.44068852898
3.07757890918
5.36246677014
7.52148316816
7.70430339869
5.60580518756
0.453588199553
9.39020100154
10.5783544115
7.46108323473
6.4174469866
9.99062568201
3.94678119095
4.53173990698
6.87762137751
2.52677474105
3.11482844601
3.02319679729
10.2282487007
7.55486752665
8.80345558439
2.38961063916
6.21241319181
0.436047503078
5.25053241881
1.84166361392
2.12026588745
2.6885837919
4.06894765521
5.16147333183
6.08644568996
10.390685604
3.80976296798
10.08311031
5.00626683109
0.0379495268566
3.7583713681
2.34854429124
3.0539301489
7.12390358193
4.76808243329
9.49445629729
5.66315649036
3.84259209716
5.02041500053
2.22056696008
3.47633152421
7.13923004955
1.92714023132
9.98754348383
10.3341947285
0.724448844649
7.51098090098
7.28665548002
2.6943052213
7.70851234156
0.0211550132064
9.11084382176
0.762707063514
8.65771336823
10.5467904118
7.1496878231
1.22818553956
0.667255974785
6.37530245167
9.33353042257
6.34695363823
0.816605121052
4.7452275482
6.83232401371
9.85199592228
9.39358989046
9.03735851609
4.07323471266
2.49022013545
0.346900098004
10.4736015696
9.99105668553
0.978339272322
0.438596377948
1.40072465914
8.28526331959
3.14734539677
5.3169198183
9.56995031291
8.67492341263
0.448346403362
10.2634874755
10.4125402853
9.02903943515
6.47855905379
7.3738781888
1.48778883539
2.75491571353
2.38307231177
1.43715744544
10.0914205088
7.33582702707
6.24703983634
10.3633349873
0.0269660378497
2.01451833086
3.35469169476
9.18159996893
2.57269305571
6.47757330304
7.69390540464
8.64265509267
8.52218860281
2.1298317386
8.00054137167
8.391122833
5.59880736266
1.93815491154
2.65550345897
2.6300934633
10.1162449039
1.54346321356
9.10631054027
7.57539359964
4.56183775688
7.62279334921
6.62003155695
6.51114485897
2.09365945175
0.998214662494
4.49169640335
10.095611061
0.466223274538
9.79939747807
4.98455100682
9.74095305565
8.29637404003
9.10574532435
5.06316086211
5.86839850343
4.02234098441
8.15415932143
1.69538810931
5.26301093549
10.0957492571
8.03659257694
6.38467042766
4.5579066463
5.00564301303
0.575812119635
2.89735048236
7.65853252162
5.26377966507
3.8647164472
5.01893900346
5.41541535281
4.91918653146
5.06989242008
3.06316578342
6.24293110972
0.58037207333
1.23634851003
7.33051149537
6.60364540914
5.06542596044
1.36669804411
7.91492655065
4.72458712669
10.0212114
2.4614392529
10.2670313965
9.59441019255
5.170147909
8.71632578372
7.02464951487
0.0717292450282
4.938586712
6.05839549373
1.49377456984
3.15988662727
1.17044419794
8.08015722863
10.5262734596
7.34364009033
10.6573839148
5.69835204724
4.98604111292
5.26979347398
6.65862475087
10.1298821221
1.54422946765
5.35970817098
9.06808657512
4.13066940413
1.602278623
4.87656710453
3.57897905064
4.61516255534
2.65521876959
2.78721476414
8.7020131253
7.18180616477
0.420411457929
2.75678799935
10.2804804863
3.84649822203
4.64181126438
