0.363560066212
4.85153442428
5.73790899189
3.14870115821
1.98927672376
0.28361638562
6.06450779723
6.82732612519
3.5144142611
2.85295032722
6.2167404162
4.74229466828
2.01954716104
2.97571349675
0.456088730635
3.44058009957
6.94941313656
4.20506423161
6.06559318265
6.68618845269
7.08998821175
5.94550156545
5.96212667811
6.84678362211
1.00913579298
2.71078114844
5.15218634403
0.299669839696
6.95795387066
6.74739035579
5.72035286891
6.82131100166
4.01202468591
2.71042554807
4.02829899378
4.28756043403
6.38311512414
0.544362856573
1.10160829658
1.6716877036
4.43254278135
3.80828449645
2.81436197165
0.761413387191
1.17851618427
6.70607945278
4.59584773481
1.45808412589
5.21805975463
6.9617574268
7.02226582383
2.86940292189
2.29769530466
5.67522359829
5.52965201459
0.7273241029
3.1429257541
7.05709869388
5.29948986562
2.15658200052
2.37203608001
3.83715294175
6.33989971315
2.61148964556
3.391002162
2.68041662074
2.25557368744
6.10305937671
6.15531857478
1.15716121262
5.67624391384
5.33812974607
4.63450299425
4.79665950716
7.05523968863
2.23030770172
2.82577835071
6.78837163346
2.51216795178
1.63925257983
4.82341419575
1.13179451564
3.72045101856
2.56178122294
0.765819416322
1.22284129454
0.842394980173
3.79497759973
3.80667801106
6.07921160566
0.547998195807
3.00425877052
6.89167072145
4.44014116379
4.06590042865
1.0275028173
4.3417804829
0.858783047003
4.68477568716
2.017745008
1.70931021249
6.53703166762
0.10035136919
3.18892265081
5.87021243974
4.53135282782
7.05893316543
2.7548774536
0.453383821732
2.99955761356
0.370113800648
1.5412142601
1.13002272316
4.39879894125
2.96052843733
3.66521643702
2.66564942927
0.890634930796
1.73678036922
3.36804978923
2.06173205396
2.27026153464
3.72466064543
6.17711090562
6.89857980795
2.50935285867
3.88330642933
0.425340089719
6.26894748932
3.83414071237
1.5113141207
2.27185967893
2.55806038847
6.08275062999
1.09845015215
1.09953999293
6.82148730805
6.24986252657
6.78274346832
0.28184293982
0.759498232357
3.86193951913
3.48121380668
6.82733420672
0.827008500332
5.71441476353
5.3369004938
0.518529756103
4.73446778459
6.88144892829
2.10785961865
7.10855070032
4.8553175371
6.09778947737
6.89834793885
0.353638183256
7.04181072259
6.87344005182
3.64115598343
2.24765556544
1.61045793656
2.95517332562
0.407229580947
5.56528460736
7.06379119486
2.02327928382
5.08035339545
5.00478570658
4.9934333132
0.537286343434
3.08936482375
2.20649472719
1.90941677828
5.00049415969
6.78980938101
4.54231391179
0.646376992909
0.997147436435
1.56089117718
6.95184780361
1.10188502128
3.75228081718
2.85815004566
7.01745026271
4.42228275329
3.05027398424
6.16011393236
1.38750646784
0.88500935084
2.03762308556
3.72893367367
5.6596364976
6.87220409619
4.29244425524
5.57425515591
2.36286162373
3.21768923188
3.64457125547
4.71640754424
1.67372994474
1.14058523589
2.81202219648
5.15647410053
1.24800077104
5.11810714389
1.60797363638
3.59129656531
1.22349633608
0.397373147274
5.05460616095
3.19720845748
3.78957303275
0.976295831761
6.36891689998
5.10045092309
5.20001908987
6.0494334571
2.80310340195
4.97789959445
5.11163947605
1.71552864756
3.11459823454
1.16420331615
2.32363409381
5.96659995366
5.94083575483
5.60633148221
5.37694235239
5.20772051064
1.62695984281
1.83280583091
2.44533128295
5.81756021042
1.63563199075
1.06406598908
6.48855037818
4.95923589988
1.86256453166
0.871390363083
7.07342965266
4.51829011904
2.80267619572
2.33676661142
1.6811157882
2.62602644989
0.223420410688
1.67219335357
3.56982618166
2.38207335053
6.50422991932
6.24789587602
0.461681116126
6.89649381429
3.92256800348
6.4681447131
6.73299142767
4.6863377998
2.28334490359
1.03201717521
1.61681767058
0.690478089844
3.31598443312
6.8176830928
1.87705755397
4.00280407455
3.3650879738
2.03978607983
1.84368102723
0.118041074403
2.16936364302
6.41011198189
2.24463779976
5.35446354034
4.16251130699
4.82862889003
1.95445792308
7.07643442887
3.51886010177
6.76071907799
0.898378217742
3.66795748273
1.74430965327
3.75268635922
2.93644385407
0.290306914755
6.27084699014
2.69065199126
0.885154543276
2.6937815749
1.50234946363
2.35957440894
1.51381087159
3.01044355719
6.43933432024
2.08890238731
0.537748495904
5.92135833229
1.44316894444
5.91742304958
2.27761287732
2.89993527827
1.52702494751
2.07726020593
3.01850257805
3.84967209346
3.93116291056
4.82402565332
6.00776923097
3.9771107793
5.56135453397
7.01316921683
0.852343187053
6.18049459387
1.48027924694
4.33866213972
1.9735954988
6.12171246147
1.62540315141
6.0922362203
1.4375011705
0.134488981954
0.700996877001
5.8610140074
0.131085470615
2.34003375449
0.207020767159
4.19182255046
3.86525411976
5.89076556707
3.85184585822
3.0651184449
0.278294460261
3.35380051577
5.86252707759
6.0422739128
1.99540291991
1.58669656175
5.4417439982
0.562547285231
3.01513025957
3.19136386136
1.97088169731
6.8697977234
2.16307693095
4.74146089596
1.76022572037
4.10309379345
5.76068037297
0.908505741632
1.42847893059
4.28426062701
1.33273723357
3.71206572242
2.5456341359
6.8687125768
0.877543759249
0.105741253883
2.76498471587
1.38110793
4.79620314332
0.964581286594
5.51442904865
5.16210374754
6.51099634355
1.87200124619
7.04091987269
2.37656827502
6.74148797588
0.838566074288
5.56800560284
1.30700401159
2.46541725921
6.19992717834
5.75252241506
3.86830125548
1.30427531333
5.95759963133
2.80188496171
6.11803545592
4.42288315677
5.23140003903
1.97948911423
1.57164830141
2.56684082966
2.20304555967
5.34317699734
5.12601600407
0.296092341549
3.77925695521
4.58333997737
5.32999353583
1.08870834886
3.59900111776
2.05822251315
6.22675316403
1.31446652558
5.12628818788
3.95309721115
3.09032674608
0.936678129528
6.96676412109
4.2587526309
3.11860085307
1.73068761577
4.24757347431
3.03779099685
5.71606132444
5.97073639638
1.89533777646
5.52955037903
4.71478745118
3.85079350933
3.37201452785
3.87698964
6.62214125541
0.812269227377
0.182036434424
5.19253532765
1.93850910221
6.35345630015
5.56476192766
5.55724367483
0.873553619038
3.74365794549
6.08689702805
6.63816116471
6.14802593435
2.8029636714
3.52035309289
6.19694645577
3.320780126
0.420858689596
6.12686624653
5.00575085462
5.31466007598
0.151078988533
0.0985475191702
4.80442961168
4.12229445661
0.164367876988
4.01859110888
3.79975346323
3.3201450881
6.17856896901
5.22221757165
1.91497533268
2.1224201201
5.56185850087
5.3676317359
6.5429484731
4.10710220373
0.755657013689
0.233637915211
0.842958960229
4.49160410468
1.40213197939
2.59560118604
4.29745672393
1.40455491864
0.977151473186
4.18495893632
2.53158240414
1.21748253158
5.20974278347
1.69773106263
6.94787628105
2.42933361703
2.75590071551
2.6811369236
6.37787228688
6.50904546162
3.20425733128
0.017097835208
1.52252803733
1.31542344747
1.95961903319
1.14180443323
2.11588184681
4.66260564747
6.70998950562
6.43302271384
1.63850203798
1.79634181615
3.3878939782
2.28211570257
5.13867561166
2.48616926922
1.31478419562
3.90346837135
3.13460147637
4.9600267512
3.89993477107
3.62731433952
3.92182836827
2.0643467397
3.3557501597
1.05381990247
5.86546419267
2.00392457594
6.04722606929
1.46871103218
6.42434216381
4.05025554429
0.249557727182
5.57482269922
2.83111846415
2.63348530372
5.79924878592
3.54679660611
6.1550455727
0.602067554312
6.89660256298
5.12797989735
5.10525036094
3.2828418492
3.32418451821
2.44518903846
4.92541156128
5.96200872326
4.67399599919
4.73279225404
2.67189720605
6.91074099197
2.40726966292
4.49498910864
6.66899564136
0.267376163129
5.22049778394
1.54635707899
2.14584114498
1.68202423211
0.51294896643
0.161380513668
5.46629555631
3.50702746325
2.44992735619
4.55811482472
6.33399990593
4.26297321717
0.388672811405
