2.04239843735
33.8943960357
-1.05647399115
-0.907387383667
-1.00135292062
29.5727023262
7.47421193075
21.6762704122
7.24407151211
-2.49825698212
12.894592043
-1.78756250215
29.0633382942
37.3863388832
-1.67308598168
-0.258103863069
9.63107690635
-2.74061025229
26.2052280519
16.943415899
30.2712628095
2.82624895127
22.5397960197
21.182774636
31.0750696889
14.9827515944
13.8665039815
24.7970811106
0.0531888268318
12.2195527196
1.08749014925
3.86985185655
11.3417961539
13.6469660336
19.3148621325
6.99240989823
-2.29622274017
14.8635545076
-2.19962430546
15.4921481972
1.87961758586
24.9124679955
2.63515079269
29.3916126791
16.6691437869
-2.74808248403
10.0369460773
19.724669762
24.1170693097
-3.39134132341
22.5674713249
6.57226847636
-2.64076422676
28.4284818047
15.2187369576
24.7767158348
16.9344957602
19.9812860717
10.636015133
27.216727277
-1.40250821779
14.124215323
24.3885881862
36.6285809972
36.2253815361
23.003725534
15.1100212761
21.7325900845
14.3654604207
-0.662549084556
34.0619407306
-2.83392191067
-2.48809635344
6.83955816458
25.4303180529
28.8719346714
16.7018081471
-0.953336070501
20.7672137869
24.8801555413
4.00902954469
16.7077577768
0.462849266799
-0.460950164382
-2.3069050261
23.3518815561
27.1108662082
14.0797894124
2.91394738826
25.8321504173
32.4808820146
-0.832864517435
32.051364051
8.00794823574
24.9424854971
10.459185656
-2.58043578826
23.3662004715
6.01156520585
-0.307692203402
6.92575178731
-1.62468490828
30.1594667528
1.72531925125
37.1929928708
19.7150792703
-0.658848048298
1.74303351298
-1.78015278864
-0.297636790904
-3.2940354656
26.4335440103
21.7864050013
3.9965961302
24.1855741725
3.20955552305
2.73274208831
-0.992592036187
17.7057795195
20.3988686685
25.6651002115
-0.645291638227
-2.30484638023
7.53628184055
14.5273518881
7.51475965442
31.5819784149
-1.37975500448
-1.35873005404
34.3422487721
26.7341237914
14.7154872949
26.0227918454
14.1333452782
35.0054508266
-0.678546257285
35.1055880666
2.80980719555
-0.950027657948
35.6187389752
6.00909383687
-1.62067787468
25.5032144805
24.8419266171
-1.4429380258
30.6002652592
3.66841919358
21.2591084886
24.7178435667
21.4607309795
27.6262960307
39.3150623481
21.8548879118
21.4070134934
21.0691389857
-2.15009943864
14.6692081737
4.92467220974
24.9156899027
-1.30656693543
24.1288422253
31.1778407101
29.2345663254
-2.03483324745
31.2716048636
13.9464959076
-1.60736821437
17.2018472808
5.98255271491
-1.35285050752
4.93149210435
13.7961738887
-0.424939871363
-0.169192493097
4.54329944756
13.109745626
-3.51072842507
-3.38002443237
4.09223049
30.337455795
8.24465231184
14.2264859514
27.8586056954
23.1317710649
21.1827854118
34.3239347582
30.072057832
11.3057694626
-0.55263135621
6.09879507991
-0.208721196644
-1.79730077247
24.7548313819
35.8882626126
-2.62752583667
-1.09221903908
12.1783982808
8.44463650902
-3.25644051793
-3.08295854015
17.8610957267
-0.274086892087
8.49489141566
29.968059405
30.0055531486
11.137587455
22.0895113677
3.57144090254
25.7947623186
17.5688953233
0.106716643275
-2.93899018774
5.02464246228
-0.651009705441
11.3626689428
36.7343812061
14.3444816261
17.1720191547
-1.59824146624
0.354284848781
28.7774690797
-2.44690334324
-1.35060190102
-0.598101125032
16.9557698829
9.47657249804
26.6704833551
20.1982699071
40.1032619307
-0.522980743057
-2.68512825331
11.5389113313
25.1412423016
7.97435670508
14.4330591091
13.4014494229
-0.284747162894
17.4264752146
22.0235813777
25.1689963766
24.0163346653
34.7125177997
1.0538796799
8.52049314844
25.1692648052
9.3597577487
24.2717904332
28.1949315346
14.626094951
24.5943432253
36.1958304595
23.0629757917
-2.97223266885
5.78284754965
-0.287731645712
32.0009973357
-2.17511698707
39.5197420002
11.5920749896
17.0166375784
3.54716069746
13.6885571269
3.35378458675
20.8033743449
5.56907498248
17.3259483961
16.2200285569
14.3538354671
-0.032590488504
-0.601822944139
28.3477249799
11.117086427
15.9508679385
22.8738069317
16.2472344508
39.0082521244
2.04093244469
33.3287443516
35.512133528
21.8898897149
24.0362766309
18.4045750727
14.682434108
5.87245304454
12.6870273708
-1.89171046427
21.7547632786
4.78269473038
16.8932253959
22.7233579704
19.9266484949
5.90725240272
-1.68467272387
5.45215506318
4.28725495318
-1.90960160816
25.0530877452
24.1129567308
23.075228045
27.8776919308
-1.93677577466
26.5717534019
35.7042048649
-0.746578148371
29.1872995292
3.25759250933
18.5267750004
2.3522440462
8.77278320564
-2.60466067932
17.5707706479
12.0231694553
12.2012122833
32.34729834
0.754129180728
33.5954769569
15.4193523327
-2.34881031982
-3.33990210931
26.0770507329
-0.791184254197
-2.78152826471
6.28096361858
5.56280740243
28.6487741591
17.2135085226
16.0257402412
-2.02398018563
-0.246395049108
30.1107654222
28.9216433234
33.2417043836
11.7762348175
19.8661823682
27.9326862704
24.2965940779
28.8216103312
-2.42681184631
4.99798459294
2.14365902267
22.6799828897
3.40942264792
20.7637242191
-2.69752533584
-0.463159624946
-0.0212181496402
35.1248314165
18.0629538691
11.7098423125
9.63618635565
12.6269476458
-0.691066613034
26.7551845583
9.77495553264
9.20387238237
-2.62724392963
21.9162884904
-1.87093029158
-2.09755277534
1.43291979366
36.1633714969
27.0264891399
-1.45876917033
20.9930711841
34.4509755781
3.98998382977
36.4674472852
37.0827873718
17.8083241486
24.676556955
-2.35705677359
39.0645572903
12.2476010023
-0.00646428484552
30.3909521587
-1.48197837085
28.3039399372
-1.7063817422
32.5118816578
38.1582745125
14.7428675582
20.9907298013
-2.33126655866
16.3245493555
-2.29771429488
21.4409971471
-2.977467324
-2.78762553622
1.8326727788
-0.871669877709
-2.6015852021
18.2595594733
4.15844213787
-0.17858222038
-3.04454103469
25.5698183415
21.5871015731
0.185720772475
30.3407834494
1.0462634488
8.50605165342
-1.20888700823
22.2458227455
13.9958748093
3.49084479952
8.64756180176
15.7272056917
15.4446058193
8.27745589263
31.2352224094
-2.64468685558
0.61689059897
29.4144092311
24.6689367853
28.7838413747
-1.46021622607
10.0330750466
17.7920456152
-0.631276711478
-3.13485886104
22.3550967476
5.18292856952
10.2068310903
-0.50107547382
34.6767193989
9.74665564316
15.2169382613
29.106662835
3.0871032082
21.8783151034
8.43497200695
31.8767961386
13.5386459611
10.3359796416
17.3669868148
1.85135734969
26.7641268943
33.2346503093
-0.684285326762
30.9444930136
1.83954271724
1.95111092965
-3.10521919319
8.21714394219
12.6059616163
5.23347666566
14.7359141203
-2.95832470322
3.99111982985
4.16004760239
1.66075957742
18.4775476322
28.7484589086
27.3749093682
-0.730377018885
34.2317604935
32.8738018312
-2.08800600918
18.8736680819
31.2127843399
25.1064826624
28.7460325904
28.395526561
-2.60410862374
6.59530783123
33.4023820373
9.82731253676
-2.08293173788
3.24311251708
-1.93791994052
6.15160522041
-2.15138983344
18.3347800837
-2.37968176184
25.0548714369
-1.58386682822
-4.10876020215
22.633434303
-2.6834112148
26.8946986394
-2.92500995853
-1.44949441239
-0.34051197615
14.5512960108
-0.468330402659
-2.95623027099
8.37683800884
13.576331243
10.9219402347
35.3600435605
34.9627001176
32.3550417937
8.88809550383
-1.32549740165
-0.858865852815
1.19959858608
30.9231177867
-0.691588567047
11.5312996103
-0.125617165977
17.7319302097
10.6640076322
29.7908366363
4.65021532895
-2.22484096092
20.1358812974
-2.03475374487
26.6552012575
15.3942345729
18.8683462078
5.70195364328
7.09005959864
35.5578777834
19.7201766236
33.9503555362
31.4854595939
13.6534040494
20.6485965824
20.9838911996
20.2727161851
1.08728995781
19.8356808345
-3.8271979238
-1.05308421114
30.7325198381
27.2659394331
24.6182922096
-0.287497047347
-3.47546083923
0.486484366695
-0.524097427079
15.2363597915
-3.04082794764
25.3897401738
1.93413178685
-0.77664467558
29.899143656
31.0219029542
4.09887329139
12.3243685274
-2.06849878369
20.0010467889
-1.76224964692
18.7445347767
25.8056690106
0.986553386505
3.83368632774
11.7310196405
28.9638729312
31.5264579067
28.2339161775
-1.06772516986
2.08127010179
-2.09797926379
14.3196734643
1.43501668495
19.8869795104
27.1716845893
21.7058525465
20.0684033165
6.71370760497
18.9102419359
-1.22988414785
8.39033943037
19.2240717392
22.5020643231
11.2485171468
11.159245472
28.4350201821
20.5734457377
26.090588839
-0.896467232354
-0.324627705084
-1.52758523721
9.92575983158
36.2968527427
16.1019446174
3.44614465946
11.1692440736
20.821977931
17.3608925953
1.31558285366
-0.956308439396
29.1924957547
42.381614132
18.751705523
18.727187337
7.93283936035
24.2298429572
4.96630921317
0.763240108313
14.3862914933
7.00806319739
17.0614183022
16.8655636022
24.2308824008
14.7638604021
21.2472722423
25.9317302166
11.1614782583
