-7.41084632004
22.6098684689
8.03879387481
20.2011809208
31.0608858452
12.3091571375
10.7144731162
-7.59248497665
0.78672981768
10.6616533686
20.1909790175
26.0478842583
6.15947090331
-7.12324946214
1.79436899145
31.0272795439
-1.41698404891
9.5079111639
32.0439311662
-8.71138287938
14.9567538118
29.8721920176
-0.840410495106
12.7355698874
28.1228106618
-4.98477031427
11.6656034421
21.350820655
17.8778982777
9.29078868245
-1.92643881396
10.2726779346
5.2217467471
9.70244927367
4.94465645997
25.0845010905
22.1289602782
2.73043956107
13.7653475261
1.11142606211
8.65463178865
4.39374361363
17.3823770786
5.13497954082
8.92130039003
20.0244958937
6.95431804219
28.0073928177
-2.96739758069
20.9544052443
8.9395937018
9.15116460516
19.9345549951
14.1533522353
8.55125065944
-8.72540674252
-5.5369027601
23.8249282896
14.2280016012
23.1385954947
30.0999817815
18.47099112
-8.39984253129
2.51104788752
14.6173733258
-0.634862623682
30.5054293135
29.6553908818
25.5317709157
9.48582384164
27.8230646688
-4.60100915479
2.76283123929
10.019350381
23.1364923202
11.0932187585
-4.37788565198
4.39995835729
3.50100702139
2.37170525912
-3.60527358013
7.03580896313
8.45314805345
22.3957493681
23.3126699001
11.6219787947
8.9868926363
22.5371136659
27.1909952791
18.1298675143
23.4871060906
29.4020844259
-8.93201879737
26.6953269278
1.13335775792
9.6326186421
23.3284674958
19.9356685771
-4.38837026382
17.4399257154
-7.71191167958
4.56834680972
24.014060807
7.58207287584
14.9271226685
20.4015480809
24.3723779544
21.7819784525
-10.3618869214
7.26429157003
11.0535852854
-6.82735104586
15.1146552779
18.5545636031
29.9995082176
35.8783355432
-4.27725064835
-0.686921923956
21.2196091255
-4.12539478412
-1.10597815696
13.8608037371
-3.43365446118
22.7084864565
25.8976267141
-9.22990060788
12.0595116776
23.3365912509
30.9392930627
1.03503330963
-3.13078273295
29.4800117557
31.0079430953
-2.03047321185
9.00955909673
22.0726799452
28.0050362683
-3.16273950506
19.520140015
26.2405800053
12.7878024875
-3.6387558921
-9.1507709939
1.34544289487
23.8024894487
-8.75663953727
-10.316095785
4.76231030238
-7.9521158102
-4.2885843915
-9.67721096109
11.7213797021
19.0590251601
7.55428236859
-4.92499376449
3.47124100106
14.5214231171
29.4682194516
31.6824626847
-0.358275556102
-10.215257304
24.7739872424
28.8688186782
8.90041513677
22.2482067014
26.2911587876
15.3435647289
26.5654264808
-9.64680421793
0.921396064408
1.41165110986
-4.54105691265
34.2656568809
-7.7070147704
21.9146910887
-6.27132934147
5.74525365649
8.71791124253
-2.40784474251
14.0552250188
