9.99293893927
12.61226969
8.66146520091
10.7681328177
14.258496895
8.68789428099
8.11233010841
-4.86053340579
0.105090765826
4.25037811383
15.4582850337
11.409089311
1.5743453915
1.45844866028
10.2572979501
13.8174317638
6.31384264168
6.77734735379
3.07262652388
3.03579362295
8.893372333
7.49178539516
11.8786251389
9.26638650746
14.6402838768
7.32311514176
3.67694848912
4.32397769777
9.54634801367
9.63838271793
10.6206675806
15.0075347628
5.96553615258
8.85392908034
15.7712511048
7.95861494192
4.09732870331
15.2408741433
10.8312120915
8.36223637651
-1.16506542895
9.33823323926
10.6046209367
6.43756722224
11.2197908679
10.1301271002
5.22062336648
12.6192086287
