20.1328773264
26.8547003214
19.0222086577
21.3837175591
31.4016107895
-9.52778361488
7.47751121107
-8.13848096787
-5.9057006161
11.3732495481
-0.941976622313
34.6745103644
-1.22727232421
31.6648983745
3.2744681651
36.4659054154
-6.00305186416
-3.17562650673
-3.54272203945
0.267200680846
-8.1524639307
23.8142084126
4.68572552189
-2.09214244148
32.5823344672
35.9463472219
14.1574324247
0.580254973892
16.3887861148
3.71989148467
31.7458258479
18.9227081022
28.3208256941
14.7295530843
8.27543333641
24.5032013611
6.23809171723
-5.96732859407
26.2646845473
-1.0540714858
-7.05467954852
10.1213491031
-3.66411739332
24.5087852322
-2.10789821555
1.12992595543
13.2719675319
27.9807361095
25.8026579048
7.10073710897
6.24859190003
-9.31152283736
2.06530522856
4.52055166701
28.7711006603
24.052635094
23.4597297485
7.54739504105
23.6189736087
9.29842728351
-1.4985528499
44.317833145
32.744035874
29.6337227099
0.659292585622
12.5596028909
-5.75622707793
-0.0109961609361
18.17562513
3.18471177815
12.5920143957
12.3632315526
-5.28065666565
9.45159752612
35.535530624
23.9733790051
23.2554680658
31.8404974282
35.0062672023
-2.09323102491
23.0736729032
-2.94200095525
30.5989529004
18.4065582573
35.0348136049
13.5617800462
-7.66327677424
24.0181313623
-8.83479360342
-7.41525609558
31.7874513527
-1.60883076907
30.1437333887
8.3343509993
32.2987349305
17.197302475
19.2619396949
7.72474209185
-3.51827223217
-5.80379338738
30.7969974432
29.8572319731
6.55523702615
30.2501336652
22.1814934052
24.3151933007
17.5275754748
33.3331465322
10.3498611016
-6.17448537035
43.6435715439
35.52216498
3.70900648752
-1.33462711639
17.2659981984
-5.45817997006
16.2919790621
4.52333327594
46.7193797071
46.7628213939
11.0079436498
-0.312267337533
-5.63883161766
21.070688894
20.0759120978
-9.07198499825
-6.54732264926
-9.03377745931
20.4713857696
6.70604354468
-5.54574306609
10.6383310331
19.7127439632
17.1033158395
26.7521907758
27.3404745582
21.5792259624
9.80175929102
0.952508264246
-0.39770422687
25.3769589048
5.08853560727
16.2091560459
9.0861401526
10.7491310057
20.258073167
17.2522482861
30.7332832736
6.10859484815
30.6779771788
