3.34893582058
1.87135159905
3.81212576219
2.58472365231
1.52865467582
3.2019136556
1.88017699733
2.66824471582
2.63397888705
4.20773161577
4.20805028803
2.30396084849
2.11591340609
4.02985018556
3.45976844557
2.33279087369
3.40862935881
4.24398193186
3.85303869574
1.51874857576
4.3630704986
4.12270417875
2.55452053375
4.09403952589
2.80504032316
3.68737596508
3.89801877209
1.75919576298
2.36725359841
1.47416797963
1.55656569886
3.24682968563
3.17058757656
4.31165693477
2.11608073032
4.22884709384
2.80900075358
3.44860471322
1.47301810715
4.31100807306
2.01860327198
2.15306424944
3.72525476552
4.04039499323
4.40459119798
3.52871394759
2.61950000094
1.34663681205
4.22245359622
3.99585257025
1.56194226987
2.07385005565
3.61467311808
2.14567246656
1.85992903721
4.35103661391
2.55127736772
2.2957329144
2.05035349539
1.53102703185
2.78851379389
1.41552592986
3.55914829825
2.48014966381
3.0440128599
3.96604991571
2.98050705769
4.41704298479
4.18837324635
3.02411867243
3.49080099803
3.90568689183
2.02024255098
2.69461055328
4.0719761701
1.49615492496
2.99948476366
2.12822582182
2.57187370035
2.05960896005
3.23233427855
3.9026163014
4.19670507515
1.80171283884
4.16323363939
3.72648508133
3.74982755503
3.75157688695
2.1832423142
2.32297416109
2.75678230914
1.59841265876
2.92552905767
3.34535510923
1.84370148867
1.52022876241
4.05501342702
2.97558807944
2.21099274677
3.75018156995
2.95633600778
2.82741769015
1.77459743819
2.07951012358
2.34416672216
3.50119680373
2.06745520479
2.6852180683
4.28772159109
4.31337735168
2.19047370559
3.70523874823
4.22054177957
2.96612723202
3.30089366394
2.8415014175
2.13640978413
2.80322706183
3.72808510409
3.66577877948
2.13445983893
3.67544278644
2.46472043488
1.56592246844
3.83654226995
4.2331440958
1.62914072955
4.40188677914
2.48916254389
4.11472718964
3.361641282
3.715895711
1.8639668796
3.43361212936
2.88455721671
2.34738838273
1.83109031058
4.15607630111
3.355256066
3.6582279365
3.43174764938
1.95934719158
4.33435425115
2.57471917499
2.42581185127
2.34337833455
3.95895583339
2.52645825783
2.83814740863
1.42836849459
1.72799251166
1.49541630333
2.45136672889
3.75219262924
1.67913645009
3.8846228937
1.91432769273
2.14198265635
3.85931033673
1.39172403472
1.35585735666
4.01952588353
2.39875945365
3.80698731987
1.38575827481
3.28269746268
3.70268780344
1.36599809135
2.53246796202
2.18409274968
3.6276035841
4.22289383766
4.23395075539
1.35417669105
1.5470884045
1.40756612739
3.84104321471
3.30467882475
1.56617342643
3.38618329622
2.93327180705
2.31460009821
3.55806243346
4.00179473482
1.34690217906
1.56550455262
1.84483550427
3.61362147815
2.28836834056
3.05968707406
4.19565305068
2.04900247614
