-11.6884783833
36.4868552806
-11.8656575661
10.1184429178
-8.58174205488
-9.90918203245
-9.88089438498
-13.9377479016
-12.7532426479
-6.31996316105
-1.73719010155
1.77202835595
-17.0005462516
-3.96027900459
-0.64936586043
-2.35197651797
-1.02584760249
0.687000808662
-2.14397215849
2.37901696651
-10.1307598424
-0.469377056444
2.73691030304
-2.04272521116
-10.8861641189
38.8588650158
18.1011765207
-0.405395890147
12.8541261455
-13.2743856247
-8.29828711909
-9.10584179143
-7.43849043999
0.00345600609666
5.78662452279
-6.93960096377
11.0824797482
18.7147122371
-10.2376161173
-6.04622540132
-2.14456276722
-0.0581984443557
11.5895135731
-3.95647930691
-3.23865623809
-0.37096170926
-1.57631361647
-4.59050858525
-0.322179091935
7.00386902929
6.56962289484
-9.38324901168
-10.3718732068
-12.5374601142
6.56910642917
-12.0623200783
-12.914825563
12.0941177748
5.79830768034
-17.0747498166
-3.79518196109
67.6229536928
2.83048584511
22.7899879944
-2.00775184859
-4.93730827857
79.7324383983
81.0949776364
46.8178829093
17.7198290697
-3.27222385943
-2.01317200936
-3.11354651874
3.75005302575
-2.39899609193
0.822049122081
-7.42169373162
-4.41831578244
2.89945246021
-5.0290881253
65.9683776105
-25.5729144422
28.5646173623
4.73414164886
-0.028898071184
39.9582822845
141.96568054
-2.95168487049
-16.2165880378
-13.5810444928
-33.0919597385
-25.1631028631
-26.2811083215
-16.8702454261
-31.5972394633
-25.2852050928
-13.8204555077
-29.5600835363
-29.6358781624
-10.6181292122
0.107929692493
-2.11645714731
-27.4839709913
-17.9414529187
-1.5392252513
-32.3670320755
-4.85627296645
-2.92351825556
0.0848707429542
-1.41940899044
-17.7931427939
-5.92367086217
18.2428725012
11.7558388519
13.2239516485
-2.73603509799
-18.0476579561
-29.3162193653
-3.37541318894
0.195424740846
0.871184412149
3.65429208879
10.2258269153
-10.6548354578
-10.5425728916
-12.0216503451
12.3928528111
-10.3332658927
37.9250786643
-10.7644179454
-0.683569502943
0.954069088542
-0.108443939302
-3.4778169391
-3.51772134703
-0.197289387752
-0.794039884205
-1.62316309041
3.80382425473
-1.50787596285
-18.3587765298
-8.3853506068
-19.0191635509
-18.7508912988
42.9169647356
-18.707632544
67.0993051851
-26.7184158406
-19.1209852452
9.16200630259
-21.0310264948
-39.2494975937
-40.6090874323
-34.0848410966
-24.6057714046
-35.3627125036
-29.2107321366
-19.6699762212
-33.4904248096
-34.5270503505
18.8399227832
19.9371674951
-4.61579750923
0.274070816932
-9.44008199825
19.4739930069
-0.628088601921
12.6325295321
-5.59391226156
-14.8893179109
15.5752250791
13.9324859628
1.8658206339
51.2594948505
-3.98810262892
2.27055840602
3.86667363187
-4.26391181103
3.35078231921
1.97419818739
-1.74511478765
11.2196903933
1.29099743681
-2.13808230086
-4.30908841366
-1.92015130072
2.59387440538
0.113687706614
-1.03251954483
5.40994762004
-0.135025438811
-3.49611930946
1.47062718225
4.6027003663
-3.10136885108
-2.35740360169
-2.95825832166
-2.80352755451
5.49780290723
-24.0871123088
-20.3149032146
-18.9952917272
-22.1751636845
-20.6005976902
9.18119853757
-20.5743788867
-6.30681295799
-11.4987585772
-18.0513032591
-14.1221558818
-10.2830493235
-11.4574886542
-14.3275984411
-15.8836910736
-6.93413249938
-15.3678383648
-21.9229253101
-14.1742577967
-19.5600900777
-8.98408129927
-3.09344544108
-1.54563089306
-2.40638051638
1.22555950958
0.0587199529983
-21.8323212797
0.162959845255
-3.18225952274
-6.39810153049
-23.9677390112
-7.52257885189
5.99370820753
-10.0531327922
-14.0169444328
-10.0612241865
-5.0202587754
-13.7635966201
-13.3819714623
-8.06855778196
-2.76865583325
-27.1687108298
-19.6250301548
-15.4623459889
-26.7934116109
-25.8969762705
-10.8552627062
-28.0319647943
-21.8779128962
-31.5766187877
-24.1831945399
46.265854339
36.3845635544
20.6154768646
-2.84827645985
-1.5039844838
-1.30500337761
8.66566342047
-4.01763497338
-5.79851981397
-5.40132667151
28.3858717195
12.539885783
4.33057579426
17.9966886571
5.03091825431
5.66994621761
3.47735853661
-7.05605570284
-34.8294891064
40.6006473958
4.56061863207
0.720411400795
-0.946164752825
33.5023861795
7.24473474042
7.38297740218
47.2114316094
54.1642667805
0.275209002876
71.9502796994
-0.389221258699
-4.36839942578
-35.4206823045
-21.8534964299
-4.5410513787
-1.4339226623
-0.141401262136
0.860339807721
-1.70664023606
-1.83145860593
-25.4810700816
-25.3446344087
-23.025231942
-27.5207320019
-28.5848672624
-18.5486724726
-20.8263325814
5.51311588066
1.59911963729
-28.0109290168
-14.7504412434
-7.38604239119
-10.6480806615
-10.0448077791
-14.116006549
-8.63945856548
-10.3478543535
-9.20856634103
-4.10347873158
-11.7808973933
30.1241853383
-3.2007556582
-1.68424040908
-4.27888883144
-19.8256444637
-5.8197514495
-15.8922508934
-10.4421169178
25.6468156286
-3.52278664808
-11.2018008779
-7.09740665277
8.94451727277
-6.84133252006
-8.07722245023
-11.7339758109
12.7051937785
11.2576550018
-9.7868125962
-10.3633643701
2.89995920554
1.60411373655
2.88929716372
1.2577117202
7.27068532685
5.62258780149
15.177200827
8.0178924811
6.61579504761
2.39888198622
11.7231107209
-6.05466958927
-0.175539365197
-1.54430106797
0.743509002504
-2.85501479022
1.69190711707
25.8431690593
-1.77853513019
-3.50040362199
-25.2968825911
-6.41145427241
-24.2827285507
-18.0976080788
-23.6709501829
-27.522885221
-41.6743832649
8.80680388949
-35.1736148207
-41.9961796949
-10.214536162
-10.8516242872
-16.8355219966
-17.0578547223
-11.6564599209
-11.6048172769
-13.0257802344
-10.5192747343
-14.4156328421
-3.69820188371
-6.03199598123
-5.40288818442
-8.7316837239
0.852606183221
-0.315192124312
-1.69779705096
-3.18311616377
-34.0425302648
-2.96188515445
-1.82781536286
3.47724731519
-3.70709757053
-8.69094702255
11.5495498316
15.9226803915
-17.5488718973
37.8142444643
-10.5344537096
-0.783538444155
-1.40263560706
-10.0293412986
-10.5458965065
-8.36336632
-10.5940236749
-12.6626201227
8.26917946543
-8.53873216018
-6.68798436281
-8.10339384178
-9.39819286401
-1.47956588089
27.8384316582
13.6123440106
15.2595955419
-3.91588887056
29.608756864
0.111423295976
1.3084715929
34.4925540131
15.8104111571
-14.5657545566
-8.46979569486
3.74934135708
-9.36365761251
-8.48510765403
-0.0871180705967
19.1972699965
1.29422597742
0.662684812916
-11.8284060449
-14.0826292457
-15.5853843736
-9.42391686054
-12.6733501079
-26.5311522935
-25.9138252868
-22.9191214918
-22.6859070391
-20.1425202897
-18.5333984514
0.213842053691
4.47722852622
-2.87757181215
-3.88638404493
-0.524480988604
5.3010398543
-16.1396388026
-5.98684468633
8.13859587545
-2.10129400944
4.74548221579
-1.2166793549
-2.39243135793
-4.30782408924
-0.803569266846
3.38229105779
-3.15186151712
3.41738648533
2.22591706744
1.54297165642
-22.4982616423
-19.6469258436
-23.2140046807
-20.1480567656
-19.265915745
-23.6026125826
-13.1009243318
-12.3337849349
-22.3645073274
-19.6530285648
9.85479073391
0.495463728288
34.7751149475
-3.90509525582
0.685433635772
-1.47152147312
-2.07422998925
-0.435236541657
-11.7862563195
41.6275842504
-0.593884607582
23.9881595999
-1.14135548462
17.1313829837
-5.43178057241
25.5247786629
37.8076733924
3.38483254407
-25.6422508405
16.2171774094
-12.0295135946
-14.0085180731
-13.6670791951
-7.91867608089
-7.2871344328
-10.2167114649
-6.52829136658
-12.5086106998
-10.874333037
-13.4475141048
-0.740940546679
-2.82026498348
-1.20724957433
-1.05079965277
-4.98031423973
-4.2591151369
-10.3046355268
-1.08301583871
-14.8980759421
-2.15553725858
-12.4379049704
0.76114860681
-12.7541158105
-10.404766923
20.7554260293
31.8585694538
-11.3279423635
3.99836086135
13.7534161027
-7.49820125406
1.54253756691
50.7982707499
-7.80254953328
-5.06552271082
40.0947629326
-8.06035956156
0.73381444457
-3.50991792193
-8.28109632179
11.0742493457
-23.6944396623
2.48502195024
3.90729963362
-3.58511763628
-24.3994768975
1.46430511476
-21.9564877801
-11.637396717
0.843637553162
-1.06989359024
-21.428719
2.80329897458
-23.7665366279
-20.2751307601
3.63997371719
1.6344576984
3.55190066293
2.82041648792
-24.79672006
4.25391759123
-17.4199686594
-9.69269508995
-22.7717549942
-7.21323320351
-8.34038023704
-23.5713537052
-23.9052401586
-6.27960920413
-21.8736528579
-19.615782558
-2.13862889337
-4.71049147463
22.2688965444
12.7446636587
-2.05392357709
4.05241901069
-3.45343375661
-6.93133235202
44.102431499
-4.0197311864
-5.68276109535
1.00313854352
-4.36653737894
3.48370531963
-5.04093849096
-3.85524431027
-19.6570109212
-7.40586125623
-0.0774354967186
31.4609478254
12.4455968889
-0.565504236541
8.90198358844
-2.74839253356
19.5392632128
13.884756046
4.45637902595
-1.47825020949
18.1150972833
-2.03446037037
-4.54226770491
-0.567153104057
-5.74424205013
-1.41461428429
0.132569628122
-1.39535022279
-0.933340214038
-2.5533370966
-3.79217227916
-1.42417810026
-26.6907475266
-32.5791717684
-28.0252814969
-22.5409376763
-24.707001753
18.8717471758
-0.99788720033
-27.1732636304
0.947908190173
-28.177411377
-1.7135675933
0.86252900094
-4.35202451535
52.3631995187
24.6558116953
-5.72665481058
-3.90921058083
37.2036279993
71.1874830579
16.7450338707
-3.17387968875
1.69979693566
-3.87378036592
-21.8667322505
-2.82418544911
-1.16615158426
2.52188860328
-0.747532160169
14.3199641349
-20.0370652104
-16.0647794433
-24.4089466346
-24.4792700534
-9.91439984643
-19.4288457476
-25.6223428315
-20.2278609737
-20.8245734594
-27.927831298
11.7529120988
-12.2427263938
81.6392351212
-10.324271265
14.3593692544
-12.7265233534
20.234109342
5.4181294765
31.9923869514
-8.93521609892
-11.8617154217
-0.265884188337
-4.49304567996
6.68762020257
-9.14060133342
-3.25736241364
0.970539513295
7.97626390879
-3.24607334481
3.69505677839
10.5671233285
35.4267811602
-10.8570240519
15.1225668103
-11.549340453
-14.3641418759
-9.42110132223
-11.2258137756
-14.1811091977
-13.7595105617
15.5642127102
-21.7821693235
-10.4661741517
-13.77779761
-20.1414337698
-10.547194439
-18.7363236891
-11.0864351438
-15.4364839207
-18.8680964241
-18.0534874136
-4.71706710397
-2.22512271438
7.39272044483
-0.183977210612
-3.92637442238
10.4798553314
9.65614322197
15.5315504289
-1.33297778287
24.3513435146
-3.30856022909
0.847568537541
-3.29723378308
-10.7987161438
17.0964351102
-5.98043357552
-11.5210729743
-6.52122698595
0.599657755261
-6.44645339199
7.45521807755
5.10560714397
17.988215033
9.20780819845
31.5323089071
32.0178503202
0.965428062257
4.34940816434
4.58865248272
31.4568404299
0.571925630884
-1.81636075194
-1.64867737124
-16.4508562232
-1.19250492093
1.1877081027
-0.847570069507
-2.80922614431
-7.04708214576
-0.0238505771848
-20.4846746443
3.60862660847
-25.51203899
-23.2546556271
-12.7446658406
45.2133696111
-23.1773616811
-25.0723798919
-23.2194385162
-25.1143615012
-1.71507792362
-1.66193804774
5.2890414495
-5.42693833099
13.1101594339
-4.26234804603
-6.12145316535
33.4784046691
50.8213517222
5.11063833004
-29.2193901886
-3.38641326387
-1.02872911628
-0.91325586973
0.549169658743
-0.948718437271
-0.273468034673
-1.52177738387
-1.88423803652
-0.211054717717
-15.6698385248
4.85620108426
-23.2825262099
-22.3084210541
-20.0461667804
-18.0755620936
-20.53911798
-22.2471372326
-3.84271951472
-18.2822478754
-17.189964274
-16.2882520731
-21.0333044897
51.1219729508
15.5895875358
-15.7604043951
-16.1602816633
-16.2049500178
-17.3117826989
-21.4359101969
-8.12563360227
-0.178507490946
-8.84261910667
-1.61555970667
-3.1244610967
-0.257855694744
-1.84076838181
-1.88720293566
-1.29184080818
-1.27396132446
-4.69411189806
-11.7828024094
-7.50392172342
-7.10862551023
-17.1445981432
40.975540676
-6.89830976158
-1.40281223635
34.7502174817
-8.17033437461
-13.0104427857
-10.8156247525
-12.1117517608
-11.3041182311
5.79780520804
-15.5970170879
-14.6263359056
-8.26649048714
-6.39657514089
-13.8364828033
-4.37678152623
0.0321167734881
8.5904907904
-3.74825849326
12.58582653
-2.10070555839
-3.31704546652
-2.07624600097
-1.57442143561
1.13058738916
24.5154080685
2.19952972756
3.82918472442
-6.45306130103
6.0156242138
0.450761827497
-6.60715700931
10.4413210238
28.9018717987
-5.66858597538
-19.2383995176
-15.3771036456
-20.1260754718
-8.46004459227
-12.8526928465
-9.81226990801
-12.8228460757
-19.6040018938
-20.2795518616
-14.2437359503
-45.3828923495
0.449439865698
-6.886569728
-3.24157481272
-2.55154961117
-4.32314273653
0.0064682368216
-2.08157946686
-0.0389331101127
-2.02396442063
15.4561906976
-9.81038426714
-6.72674739577
-7.75061792953
-2.33636815769
17.4460852444
3.83636709995
-3.0345865738
-7.22855223585
-8.46553735854
