-4.19229626202
48.0217850372
23.4767757822
12.3424180844
17.6469373575
10.9170492733
48.3385124026
12.0214922556
7.43168268236
18.5319375599
47.7592984333
-2.35801551583
-5.14537091326
38.3367110642
8.85665984651
48.7448376017
-2.07225602091
30.587948426
22.5025805656
-3.32927224171
7.5931909169
-0.935914167754
32.9560560066
-1.61596593109
38.6303273154
-0.182655266654
19.1962501656
33.2240278677
3.99264157832
-1.87505678913
11.293423961
-2.23847493406
28.1923379616
-2.4044628048
-4.02784662821
23.0536540406
-0.995046750986
47.6878345723
30.0496076332
-1.06243930997
-3.48312286195
15.5866473178
-2.79535761847
48.246736051
44.4323877954
3.44651553231
6.06712020204
-3.90888384137
-4.59389253501
24.2432484102
36.9337740432
13.6581419445
38.5590912751
-7.56209385843
-5.02858316937
40.1797955559
40.4864970652
42.9508699183
2.19038561782
18.8152121554
34.3753742051
46.3594727168
23.6097563226
2.01255953404
-0.562816869393
16.0461997739
28.3146445375
9.89508313526
-1.51199347138
32.4055802571
41.4078391637
23.0826855524
36.2671484366
51.6624799488
2.06966168378
25.3990711629
2.91669489168
20.1831953149
48.0337515308
-4.21792536129
41.3732581773
-1.30111879222
31.6998041331
28.6426736431
23.6320575538
20.5267262012
29.3717926767
-6.73194476566
21.7749702355
-4.86646793597
-3.95261464918
-1.74846467128
22.6484028583
29.0989593348
46.509852738
-3.13091488641
1.91723079848
15.991269882
28.7177061923
-6.35569547836
58.5394014699
14.8517907517
3.98968435732
11.8874167196
39.5007707644
34.2845339045
9.78485018428
30.079687026
-2.75595617831
38.420403106
-0.505965123382
16.9619984702
16.5772371282
19.2605795419
37.5870231488
19.7277849947
23.5586869451
28.674818853
35.0231755965
39.6057701452
0.0792114874027
8.12545582231
47.1493239456
-3.51717814873
51.9775875764
52.0640281518
-2.84315901024
44.4598151781
33.9539620655
49.1711332546
31.7374608942
20.8857575198
-2.15700911785
11.1178303042
9.62867322269
46.8439522717
35.6794671468
-0.915689551444
21.9880933331
25.9806724728
45.2601094076
0.871588272176
22.1630073474
40.4905933313
3.74981634793
30.5873691902
5.9312042416
-6.78042482973
40.1825247813
14.5208306632
32.8995522532
24.6087451597
37.7534282548
16.9081278528
16.0981428102
24.6591707796
11.6547397287
45.2070085237
38.9453137528
5.0285750611
52.6213355065
21.0518676777
-2.91048583219
2.23671467161
27.5218919819
53.4359211058
28.4547063975
-1.74231256737
1.86271810782
30.8191157234
12.9044887941
-2.80482499162
17.2756290271
20.4280356161
26.0601848336
38.5627808205
10.4719639875
38.0056607802
-5.61011171528
-5.10856040693
