2.33462106572
17.7602364924
9.92893861526
14.8914461855
-0.72368452837
2.45728043827
16.5554027959
3.00533357276
-2.25941364187
21.0180182912
13.9486190969
7.71830541058
-0.333973523329
17.4463340791
19.2323411452
8.55199505915
4.99341526145
-3.21256465739
13.0201072821
14.2751338951
10.2790766276
10.1007787849
12.5509241207
17.3120812667
13.8522576483
-5.30629806128
13.0041037042
-4.77436632384
17.1346068349
0.805089360846
0.925271643572
-2.63229324747
-1.27604524867
14.8338571158
-5.19957686012
9.60732027291
5.16470448832
3.19878058225
11.3433213846
-4.93259157909
7.35484238477
19.3582199478
-1.76270153501
-4.63484948715
5.40396927335
19.9202617438
-3.58938616355
5.07541839158
-5.43021816698
9.05653060411
20.7524953857
8.54497688241
12.8314104377
6.33999681455
5.82704923606
-3.73548707551
16.7665328951
0.968384626604
13.8372964588
0.930201305571
-5.34534163643
2.4304634608
-0.137427444955
13.0776020198
2.89563681274
-2.97158630091
3.87744413399
14.4901319657
7.61728953148
9.67884716773
5.5296118355
-2.30715649835
2.14612080696
18.3412221692
-5.07201032521
0.331690025605
8.56918551272
-1.48857633782
-2.56597678479
0.122102338094
2.64945293038
-0.769213827194
14.6004031806
5.16554858893
-1.59183150167
13.0654268184
8.4784078843
17.9285669642
4.4488342692
15.7868541104
7.91590328558
18.3127283475
-0.410448911669
1.4197235352
21.2930542274
-0.077381488946
11.7725798002
23.0545022032
4.89999695654
-3.07117188512
1.8457202937
10.6600066662
4.6983860145
1.96962911679
15.3527549259
-1.24705415225
-0.0739052731691
-5.17748485079
18.3601801931
19.535371944
13.5027041468
17.5880121126
0.141225025498
2.80093763453
11.393042769
-3.49327690171
-2.75792201118
19.4686078675
17.8276605454
13.1151758178
17.2636220387
-5.30032689147
7.98344207104
18.560990085
17.8633964351
0.346781671553
6.09309998264
14.7135473551
9.94412839692
10.5051219833
-0.74689336432
6.04889098742
-4.14928078439
-3.9710149081
0.531932818072
12.1280265573
20.8510956028
6.71070672281
5.00573752774
-3.25245114769
-4.61633951198
7.65865747191
14.525083833
20.4080405866
-4.17573329224
4.72163641041
9.80007938248
-3.82970016816
9.41293262337
-4.02427291202
-3.40129035117
16.1565014465
13.6477191064
17.8082368392
15.8095469399
-1.60157834636
12.1548722699
13.6539576658
-0.0644635264681
-2.30414656811
-1.75299202425
10.8029624464
10.4431703526
25.4041456727
15.9302028445
8.67473176454
11.4475736181
-0.81588022281
31.4375698507
1.57920594
-4.42951394713
-0.520639133177
13.0927241685
19.9458842564
-3.8644507934
3.01721748463
15.4369432955
19.9749506034
2.82371424144
11.2477208536
6.36102373954
22.0638793523
12.1755901916
0.0178440385801
1.65789290202
1.17029671146
8.61584507651
4.7445810927
11.4882542542
3.88367890728
4.17242370374
15.2174504246
9.12625483428
-2.1415835968
-1.50381801628
16.0170157541
12.1141058273
6.64191634038
4.30560977037
6.07014988931
3.20018031949
-3.22238529662
19.4661630963
16.3595122017
7.93909607776
19.0065921031
3.12654289995
18.8082058594
18.7400800142
3.22496040595
11.6325474381
1.81794913353
15.2259189852
4.24396449206
16.9390926195
6.18313301446
14.8865109479
11.2181393138
8.26547381111
10.1694383285
-5.28254813137
-4.09464735547
3.69001987449
15.1131611894
6.33143979175
18.0273840345
-0.262380989457
7.47654625326
-0.364029752629
15.803900427
12.7981076141
0.66098251908
7.0963796376
12.8815905199
16.4813204121
-4.86006689379
-1.67755988754
-3.64347265227
20.8910469607
18.9676780738
21.74791793
22.837054254
-2.71548389437
16.1205652175
15.4436825756
2.71951193918
-2.68303555561
13.034466571
-4.65707138628
15.40271104
-1.23037783981
2.57039391045
-3.86802510444
21.8248158558
15.1404873612
-1.76060393837
18.6561556657
12.8768834645
13.3564660718
1.52131110797
10.5591957817
22.2470742362
16.78569361
2.67240569474
18.2619922045
-2.911986146
11.0520603072
0.782077578278
18.4162331736
17.8986462837
11.9511177061
10.1894855556
-0.362299800245
2.09643903822
-0.835707900612
10.6045938463
7.08114538464
-2.56438189934
12.8120894049
22.501381722
0.828956080927
11.0998824119
-0.536945319212
13.4119560656
2.21710824196
-3.64490141033
12.7384205702
15.1484295394
22.3380158702
14.600555221
5.12801473343
-0.927936438844
0.407753539832
7.17558482922
-4.36272704505
21.8043475002
11.1329873466
-0.20638584265
12.1719888421
6.79982052434
13.2036709937
10.1085913415
11.9863378931
0.577489573069
-1.83204740543
4.32685177388
-1.48898186178
15.1431047902
11.729216858
-4.43745034138
9.19134682132
3.114234026
-4.16477078769
15.7436393606
1.65034355869
-1.34636164147
17.3663013409
14.8409429628
20.4986690889
11.2370963304
-0.230518781649
0.927688683573
-4.04989919891
10.5019558045
1.23450320021
-2.2939204037
-1.83168330777
-2.4234240577
19.8326776316
12.589819212
8.54013997741
6.63670735568
7.44875987848
11.9622031753
17.9819051001
-0.924425151338
6.7040123034
3.77235749343
16.0237884093
8.66769509238
15.9599790876
12.7878166592
16.3663735155
15.7719875614
15.4442288078
12.6458363726
-5.15691239943
11.7554647049
19.5086092547
-1.43620737888
8.72916587773
21.5985447174
8.7479908707
-1.23881758403
18.1696353716
-3.34783945183
12.8332824306
5.37960186833
7.41968898726
18.9052638346
21.6581583835
2.11062883903
17.1295502806
-1.40516940471
0.629869977986
21.2207477607
19.0551873546
-0.162760414783
6.62053340387
10.8210136582
21.3744213177
21.4761889461
4.46039021696
6.11414794911
1.05223059948
14.399393226
12.7849307511
11.1092590974
11.7194397185
16.0355823137
1.05956012531
27.3863315999
16.3745030181
20.6929982592
1.82429317194
11.7234673486
-1.19219836771
0.000216045006465
6.16211111577
11.9591684417
11.5553412536
4.72057411134
13.901304659
10.0902127946
17.6844262996
3.08591314762
-1.21450801939
0.334100603757
20.0578834718
19.2587239685
1.46612125434
8.55157594003
-3.58574511094
-5.74363284058
10.2347329034
19.9664074802
-2.32210006038
4.67071321982
5.81862867865
15.6959758304
-2.79462455145
1.62749917326
31.6798829184
17.8090623787
-0.677889993351
-2.6496299324
-3.28797797082
-2.41291493549
8.24995201355
0.139011227892
-0.451666245131
18.5025707424
10.6266154357
12.1803117979
0.180711764906
0.41953936455
5.56930159461
17.8588578135
14.3427586783
21.5579250369
2.81382177356
0.806630215565
-2.4050116489
13.4721630478
23.1028460794
3.4119490166
-0.798077541439
-2.04833050106
4.19969517714
20.4566992505
19.0891981735
13.4330393606
-2.56540599865
1.95430266143
12.1814340947
-0.76477346252
17.3494654765
20.7461735824
20.3139329192
15.933315529
12.128985189
14.1944584019
19.084420082
11.1895398004
-5.04142237244
2.22161218549
-0.958544071231
-4.39204985943
0.23919617279
14.5845308311
1.35416810862
15.765398332
18.6159548343
22.7859252753
9.2230833796
18.5348358661
22.0936366996
10.2907579965
16.8205250385
10.1020727864
15.6985112665
15.3488861801
-1.59963447344
1.51869704271
16.4210486047
-3.66374829565
-2.85471873995
-0.295601569532
16.7685077635
12.3520221869
11.334108816
-3.60095979549
17.8292722793
6.82230712815
-4.28990766654
2.50233478451
4.06509522986
21.3678511351
-2.11640390187
18.7862724969
-2.1013734373
24.9631942992
1.77196776006
-1.99124884978
15.4331491777
12.5518555302
-2.51392772289
19.652819241
-1.53389403536
11.5172271282
5.3649354194
-4.28053436621
12.5307515678
0.00389860142914
12.1836346768
1.56647883987
17.6153171487
17.4732810854
4.3997845571
18.2278034786
12.4649952746
11.8017178819
17.3196626349
1.07851470007
-4.71341568502
8.42754558785
19.0328811056
-1.53291645527
-0.0534291151207
20.798355748
-3.71270713562
-5.26491313915
7.79123232133
-4.88222717834
12.595103313
8.22052704302
17.0199280193
-0.874401728179
20.762538533
-3.28533730627
0.778515491713
8.37007715361
16.4873922237
10.9788615929
11.9192205333
2.71802749992
-4.51909383195
-5.02328083136
9.04967463656
3.2483475417
-3.75606740097
17.7210222318
16.866028837
0.488971331974
1.41944983928
22.3686689864
14.0311178375
10.2059655591
-1.90563711224
20.5161006696
17.48363466
2.86958570244
-0.809013819564
21.8039338913
-5.16675267255
-2.2363053158
12.8641524447
19.7975417446
-1.00986402167
9.13459925067
17.4145117047
-3.43596443735
12.6320158262
13.3013044543
-2.21411150181
1.81444953815
8.7649072071
13.729307836
15.5266936788
15.8537060235
12.1840241938
14.8631428629
2.90715419147
13.0379062444
8.40252276718
16.7526855849
13.6867713536
9.03020435896
12.8865571073
3.4439874236
14.8195676828
-3.44329968472
7.41933533857
0.94284635434
19.1893911754
17.6050490538
-4.00701198084
5.3764129095
16.3065126476
12.1702347778
13.4633419285
11.6442781335
5.83662548069
1.25308404304
18.1001952834
-0.341408556647
15.0706605962
3.37392058247
14.6771739494
4.9989301687
2.76776653868
4.66950691251
9.31780651636
21.730501335
18.3604551123
1.22693601258
9.26801416084
0.865495138584
9.01321002637
14.2864893381
-4.4395235334
5.73304165588
11.6623011449
7.98455492207
7.24775453858
0.777282911704
19.2302990233
1.91991512843
9.83018057645
9.13792898147
13.9736036489
12.1520198744
-2.45644552924
18.1356938696
4.76137939624
13.170863138
18.5823749102
5.9998078941
0.372720079137
1.52131556888
12.8198384402
2.82057320617
-0.967021959883
15.5949080886
-0.290504409838
19.0921089491
17.9049946864
15.4187675309
15.0181017307
-0.889024326869
5.11520688164
8.40778074074
-2.03449267717
6.77361176831
16.956031363
-1.83955362051
-3.25092528994
-3.75905008634
19.8273637984
-0.86171787613
16.7406940921
16.6219181327
17.3008580889
12.9948851185
3.73867119965
13.9701524471
15.838521616
5.37746542219
8.03969173456
10.5615074649
17.5465067954
3.78425859882
11.7517139781
13.3299599967
18.168680051
14.9236024372
21.6757453428
0.0517907568432
-1.3861456651
1.89184518678
12.2814663667
2.40302963928
-0.551349518078
9.60402559287
-6.02733273673
-5.83901383026
11.2616470215
18.3261209559
5.6774064143
15.0968350304
-2.88783776114
2.80092553485
11.6058778554
4.15946986195
21.2486108149
16.606614473
12.8816707319
9.21293603738
23.4980346109
-3.16205037804
-0.087168099863
7.96443465909
11.9295848047
10.8597220788
-3.50035322679
15.0049411032
16.6197504087
4.82097622245
9.10925389988
20.8252996226
-3.01455211261
14.3352476576
-2.01209641283
-1.06962116473
19.8294269004
1.11152592642
-4.58250816209
7.72110591357
15.2106838615
-4.64550534177
-2.1667214241
21.152285309
17.8611723873
9.16022353998
11.2580125859
13.8824189467
13.7057618146
7.54355164227
17.8689560237
21.6630712303
11.6791627286
2.18892044788
0.139083280893
-4.93826856058
1.59816173683
10.6525641663
12.5228219473
9.40542265026
3.29359381498
1.58157548066
27.3858886944
1.31990305206
22.1539644774
-1.30648179242
-1.73143895524
-2.18872430485
24.6598380499
6.91671119596
27.7408863129
26.9486750469
10.8344594884
21.0941645485
4.54019773148
10.1692651368
22.0688792862
18.0860279307
-2.55105317791
19.6753388279
5.53551235573
-3.98750084689
18.817877292
12.7576753958
14.1555230128
-2.28852131162
-1.70355561627
13.0586272178
15.9469054841
13.7331203749
6.42111364129
15.3820191095
-1.70676275955
15.7152682063
4.16537337685
8.9181982447
12.1972154951
15.8510698684
1.19267605489
7.06235555901
12.578680829
4.67287714935
-0.306518036201
11.543323143
7.4072261223
15.4744754888
17.9905384503
12.8729439783
-5.37020795679
16.6709528403
7.74080131576
-5.4076905309
22.219982007
7.68076235378
3.79802541872
7.39291122496
9.71986539123
9.47244924473
-2.60974005937
7.86126088781
7.89165946001
-4.3228482536
21.2372334264
2.79431430443
3.41795490251
-2.73371261395
10.7912004626
0.258529892909
19.9285849164
-2.0896240657
4.55233616747
15.4140576085
4.30179385603
-4.19821638055
6.13444257596
22.663364941
-5.0131408562
19.4335764532
11.3864433519
1.28955255367
14.0432893438
4.00801144937
-1.14004403756
-0.212456413044
15.9077938405
18.8430038855
5.07947947426
10.8244863928
-2.8917700046
-2.18461936624
-2.29201072731
-1.58234635381
24.5303704162
-0.141880107165
5.60701466532
2.02460065229
7.64335893468
21.5990426483
16.2870699576
11.7875613886
1.56738368148
24.3014607489
-0.0685147045683
21.3684829412
12.6910036183
-4.51394967271
11.2516821281
1.19817185957
6.05296169098
15.4945133541
13.9401800795
19.1754911828
-2.30259431444
-3.39687073612
3.07614876749
21.8630247313
-4.50435719528
14.2497855787
13.8899037388
-4.05028515841
8.07909172518
19.2845875256
11.4136992082
19.0778623032
-3.02224948006
6.35552893979
16.6524226493
12.9077785226
16.969909298
-1.59262715666
6.04758432782
18.8340051282
1.40484134132
-5.13538860521
16.1618258794
5.33089954408
-1.90004254508
18.9275935902
18.6968985945
14.115168709
1.85682499658
-4.99280152436
4.0826658365
5.71403950041
16.1388296432
12.0818575462
16.5587003214
6.57578481875
11.8453260197
-0.376824965476
-0.38271105452
6.29714593896
18.3525710459
4.81591779395
14.151244425
16.2432181485
6.24361800011
9.5345765885
0.0397946687243
5.58919826959
9.60119495455
10.0758633894
3.54407253453
15.3647701144
4.64525537105
2.75951278604
-3.57189946662
-5.25405093037
8.85912413111
3.96916163392
15.4407982987
14.6180065541
-2.37707214638
17.7440194164
11.8309415132
1.01097375851
18.6272884762
-1.85110406148
-2.46454950999
14.3820593649
17.9517960028
3.07398772484
13.0654182307
11.0757545949
2.24500135814
5.12027967903
10.5726510678
6.0149585025
7.61557575318
15.6452284389
19.3144144775
-1.32884714769
9.41929511304
-4.65395545608
10.3784313936
13.5161930765
6.82103420723
21.0364443555
-1.84844345392
3.73034235845
17.2733819712
14.6470056045
-2.37720350977
-1.59558641229
0.386664564355
-2.40231453969
8.34014681778
17.9482114689
6.35599365861
2.01487385439
17.2804577193
-0.352587545975
2.370894867
11.6215504192
13.6928610988
2.31806662569
18.5668794095
3.17077233343
17.6489824881
-3.50446861744
-1.36456433235
2.301413622
19.3019279087
14.5789422039
10.3371695991
13.7113107314
12.4097274144
10.8456727339
4.78451597868
17.015147279
-3.00846674922
4.11485512778
-1.5757686314
-0.389276377888
3.32353707395
7.16249773985
-1.29384472105
11.0676973816
0.890930597214
-2.59160631183
0.713305823499
3.59749156123
18.0341598927
-4.23257139346
22.0576865523
-1.05540004712
-2.24311839831
-4.76977460423
-4.62765215029
19.5695480082
21.2781226973
9.66919991905
15.2930139012
19.0338672084
1.30784066991
-3.57313218863
2.27837840071
17.6249184213
-4.5931245656
17.4521888563
10.9695123497
0.376548508587
17.7455475857
16.2987396179
12.6568611017
21.8468113408
-2.13358783394
-1.23565828564
10.2266749882
-4.69031600561
20.5106220587
-2.79142438543
11.3643185623
12.7987469077
-3.13906462204
4.09563236188
8.14727330268
18.7140774154
11.3703913555
16.4397790995
10.1297240496
15.1108082244
-2.1164091426
1.49739170984
3.58432057979
-3.11997463777
20.3368670279
21.7112944936
19.0582140585
-2.48983576705
-2.5278774229
14.6401336466
3.66593027295
16.2483197894
0.370853625404
4.26357048164
11.437860532
17.8589515076
13.3777453563
12.1152985226
-3.82293392668
9.59491467713
12.9756280073
23.6806794462
-1.44640330146
-4.06266147941
5.09477833642
15.3450661464
2.84631266233
2.99602840031
-1.52850673595
-0.368687136056
23.8666829926
-1.97661483586
23.0981532622
-3.9708503572
20.6150513257
10.0328927386
10.3331382576
28.7122901186
-0.192353367502
14.1709693784
17.9013833001
-0.32256418816
2.7644075424
20.2387081334
11.011912126
8.23279281082
10.6396129059
-1.03054764991
-1.86187176824
19.8416391343
12.4791536881
-1.20199733229
-1.37090919783
6.08514530032
-0.476863098725
21.4284999061
2.00188349334
-3.48700494016
3.34918267346
15.7611375195
16.7567724131
0.922309223652
-1.42441723864
8.23899532461
11.9869786591
-1.91879150572
11.2126668769
3.29284773857
7.68280926171
16.2307078846
6.07659375898
15.5039419391
7.58260401504
7.5417881307
16.0781400069
3.38056570456
13.4826475035
3.98636924705
8.97810592436
14.3389779362
-1.83955225962
-2.58581174356
19.8627682535
12.5994928297
2.95729512163
-2.49905119871
14.059884164
0.0809818883192
-0.83053102481
7.89714614815
3.17870792124
15.1357764385
0.000212092100445
-0.719744051945
9.12085007248
21.1204484296
5.24729118049
21.9331180262
7.98211199601
20.8047082413
3.15954627469
-5.82347501824
19.4973210745
13.9807801515
13.2478126616
-5.42687832579
-0.205628314456
-3.55155005643
2.69743843911
8.91431796639
7.52419660603
13.9173553332
17.9278796807
15.1593897884
7.64484618166
1.56658439917
3.02651112569
-2.70237223787
9.86848481875
19.3997706498
-2.7517645911
16.408375139
18.7286726837
-0.748509704317
8.72116803923
12.4013205924
19.4085562381
2.14398989242
12.1541306733
13.2592776862
17.4183712077
17.8908759028
7.90719945653
2.8637385007
3.26968083853
1.28758340867
19.1868078939
8.3049419097
17.8374365101
15.8922125319
14.443526729
7.30937116789
8.15739031197
13.484702168
1.40084520454
4.04965712711
7.98554101872
5.56262488175
-0.597824020688
15.0813477592
4.6557963727
5.49291319994
12.535118362
10.7929838706
13.1854477483
12.5085523764
-4.54058808971
9.77754533662
4.43765175682
-1.03390117113
20.4957077005
1.32142721337
9.25647703063
5.67195061836
8.22593487715
13.5461505638
7.35108349004
19.7413604582
13.3735791192
17.4552553999
3.56844007092
7.65151807395
5.9713742693
15.3224326644
8.39874951625
14.6082789645
1.39301502175
-4.29771569091
6.50422283327
14.360850254
19.0877730917
1.19715593769
23.3581601369
22.0326092441
19.1483239118
12.7982929414
2.02052952769
17.1097030891
17.8757939364
-2.64586117867
16.1722760822
15.6314776769
9.06920400162
2.50288415519
5.39957548071
9.37498790636
12.6096157517
18.7166063859
-4.1186818466
-5.818909462
-0.407875622794
13.7198897281
4.31132305586
21.9670441834
19.4856883121
11.6074574955
-3.7917239586
17.5016845505
-1.61135458691
-2.04986242916
11.0022974307
-2.71784937449
15.4214394479
-5.93246323593
0.214547425825
12.0563219539
2.84704960624
-0.934311092307
10.8676393562
11.8320602502
-2.9525247829
-1.8600405488
22.3533132061
5.81375824226
0.606817401345
-3.09747842314
14.0830537563
-2.48133440506
15.311061037
2.62309482764
0.715093464446
12.4619944214
3.34844333197
18.9167472019
12.3162935992
0.550436219506
11.7468897843
19.895070069
2.3361404776
14.0628188043
-2.32198943968
16.2946631591
22.5282490198
10.48303576
7.96038065489
-4.73020700513
3.86820547318
-3.52817408717
9.27968489471
-2.92782394261
2.20502377003
-2.39970066129
0.910994505536
7.8173288744
19.8216248653
-2.48632876799
7.84832481446
-0.313721885271
5.13272846965
-2.7389556702
19.8948084545
15.0676838612
16.3641954626
20.6004275334
7.0873626537
21.4798927487
2.55116205642
15.707355989
12.2954212831
16.2674893548
-3.45165201563
20.830781996
23.5131214899
-0.875352045588
4.17273717397
-1.3690037139
20.8131616648
-0.416758308157
15.6243262746
17.814553097
-2.40174632404
0.135058678425
3.44743427878
4.2535188101
2.63980551342
17.40285813
14.3950888934
8.25418732608
20.377606986
-3.00999311765
-3.96705173112
4.83250316643
2.29608919155
0.106048094032
18.5263341147
7.19860485956
4.73059526567
2.56398887391
13.2774924056
7.59876462579
14.9303943604
3.5346336452
16.4518560646
9.41497505838
8.19585769495
18.6389623556
5.0768207884
1.53062402977
14.5905708133
7.10785078288
14.244735448
2.28735466482
13.8570239132
-1.66782730323
18.7246072638
9.97238160342
4.79235379045
17.060652734
17.8479872643
0.601996255513
2.19023275882
12.2503746101
9.9225885071
3.05401167974
16.4732817319
15.4882932147
14.7994635561
15.4086146577
12.9249842062
3.64786944556
14.6298061768
24.2937421731
12.8291872153
21.5752488872
9.21503228081
-1.87698995778
-1.84643980639
8.91304106474
9.87036247734
17.5553255844
-0.29536872907
17.4371924065
9.94395002367
13.3963109225
14.9038864939
13.7900439561
8.91403757987
6.86620290734
15.2276909577
3.32720669959
4.87591128445
15.2010499713
17.2094536608
13.0935472258
2.30156783343
-3.36745270672
-0.980689306712
7.14369379401
20.185360625
-4.16975918391
-0.777598295082
-0.512029173016
29.9875870395
20.963663418
23.277171719
-1.1891031964
21.9103632926
3.37625244159
7.52174251537
-1.67819767144
-5.05783214008
-4.62439304043
-0.91239423296
10.2371244908
21.8920080116
2.63581312651
-2.2107261887
20.0015342038
21.5519623994
22.57833726
21.3804101445
10.1503858466
-0.513382060347
21.1220687293
4.59253341993
8.39675876687
1.20214535199
2.16104225105
23.2857028165
-3.77703037975
5.78797581832
-0.744408506352
19.3043622256
9.51750454736
20.478309457
-4.07159054262
19.6130017525
14.3338196294
18.3292720804
8.16024989155
-3.13312349941
1.47113114605
20.6253573164
13.1113007153
19.212077779
17.688760995
-1.38105572014
9.34473325391
1.31527035623
-4.90772027044
14.0847141479
1.79718803334
15.7184541
2.62081833022
-5.41433364642
19.2309196794
2.69354991781
7.56345088686
5.12342505944
13.7665731162
-4.88132670772
14.8774257925
13.070934922
18.954126596
4.6007653562
18.3836787681
10.1165570724
2.59005217645
7.57295143245
18.451098162
11.0750746884
9.63693439766
17.2749230391
-2.62275640361
17.1856292256
18.7981525992
11.0495660963
5.20858355873
14.3160595626
16.4362257596
18.913879025
9.3124775576
20.4118792927
8.0449496559
-5.14469540054
12.6271457811
14.6839197
-4.85902394226
16.7294915665
18.814816878
-2.0801424755
12.2950859863
14.5387237056
20.4217491612
15.5917594102
2.64406221801
7.67130779313
1.4596838122
13.3712082743
6.08989734155
-2.33389978324
2.81852789366
0.363489894316
-2.2404978575
0.878720067923
-1.14001966645
2.18840595954
2.81121624833
18.3157581315
8.69656221918
26.2915927521
1.17932500505
-0.250789391747
-0.770182944106
5.41115272036
16.4159902745
-4.01374202759
0.815788427903
-1.23566603825
26.6136172077
17.9854996115
12.2981992326
10.696093194
13.5053957164
16.0405520687
12.6145465227
11.2157606193
11.87718001
12.9467071516
1.86734478056
-3.08352583492
12.3250182386
12.7210179502
0.0945161647948
14.8506340793
15.1176208687
14.2682765049
0.511107239387
18.534902543
8.94338389399
5.34628190236
17.144176153
7.82838109797
26.3238222359
27.3866653695
1.39761173037
12.7524433634
-0.0410296736622
13.856691756
25.7526294996
7.5797809555
0.985500213244
22.1384624136
23.4091731785
8.65769577401
-4.84507828256
-3.80752797995
19.3055281812
15.198524155
-1.77456392757
21.7891077561
-4.40509164723
14.077890052
7.44205697915
18.3373340563
10.9081409154
17.7191364203
12.6371346773
-1.05240629866
10.8421627266
14.3759517962
17.822330505
-0.937836538891
6.53524275306
7.66292026401
5.42213506521
-5.06392136728
-4.69259341519
-3.20880210292
-2.59240143793
5.48133002332
15.7464937583
19.1191320851
4.5794348481
18.3085228233
0.176620255495
-3.57703700873
-3.85093821741
5.94503145732
5.36717131235
19.116136512
10.7885382786
-4.33919381882
0.0557710610608
2.48190660421
-4.88941805382
19.1764384746
-0.704252710297
4.9355791112
-3.62867685018
-2.25035427793
12.8772598364
3.4748590704
-0.520853040079
14.0083348804
14.5396909412
4.42690787334
-3.14325509377
14.5565558066
6.36937812827
0.148033710822
9.29613309465
0.587448654836
13.3758772298
17.1782214171
21.262515478
19.0227556684
22.753029183
10.9460403144
23.3480172566
-1.83008176919
-2.55592856581
17.5977994231
26.3425399569
19.4903961593
-3.24702280908
6.74565824284
-3.11850948725
0.710171312276
26.3061360108
19.0264771287
12.6755948551
15.0837108532
9.41486151635
-4.60137092479
10.773573727
0.166827772809
12.6739066022
0.547934023286
-1.19774896595
-1.96705684168
-2.80126182991
-2.82954872482
-3.49755895966
13.0919749182
5.39944107082
17.9874070306
1.2975378699
-1.26702746312
-4.03214396028
-3.83835507345
1.35003498722
13.1999840812
19.9318932659
20.775519949
5.65276262785
-3.92914539505
20.3194236462
-5.0268430992
20.3430072245
17.6912085578
12.824734682
13.0000044824
16.6217228096
11.7736353965
2.05435201278
5.71503904683
4.81940373813
10.7367468131
17.0682334213
0.035903511623
13.9698489801
7.76529213417
8.46096286642
21.0205807469
13.7832007179
20.8471630788
-1.53588456762
20.0707222118
4.24935429072
6.08380196787
14.1138534297
-1.23374793296
-2.55395725437
9.21223299244
14.6871306464
7.93880985957
-4.52437333512
-3.15471235762
2.818730798
-2.50494857655
-3.5247310597
9.00009980566
16.5344663978
5.06920420835
-3.7412232016
8.42544339185
18.5113720337
-5.60745411967
16.5464247103
3.01208149962
6.14533089261
-2.93927467864
-0.458656503577
17.166415346
5.07672407622
11.3468087373
4.9230351799
18.9828408313
-0.249946900218
0.0674526794271
-1.83399150571
13.624258542
5.90085051819
10.8841714073
9.96185609662
0.11724377499
10.551202556
17.0228460631
11.0372619067
8.23947337542
13.4360006535
2.82851924208
1.53887902633
12.334634187
12.1991757004
15.1525125189
3.7062578174
-3.53417171344
1.93028827604
4.25960063673
5.34201704693
13.3957115397
18.4997732306
12.2842334139
-4.26177944216
19.7348109308
3.30034819163
19.2426876429
22.1482452772
14.223199964
16.846106071
3.94969348356
12.2721791702
-0.882710439615
10.5828435593
4.13447740901
6.36901326116
3.35664239665
-0.750529844246
11.1130304045
1.2154001455
18.8012900522
12.0483470346
14.5123149262
-3.35940876517
12.1250675205
3.34251693405
1.60297102665
17.431627574
-5.81376429007
4.10839291796
16.3591518105
17.2470222513
17.5738758384
-5.16853168717
13.5369000325
13.4788801064
-4.25317784642
12.5194491402
22.0245210465
-0.711483442173
22.939911335
-4.05051424574
15.6238158659
11.2727111493
17.5801168226
10.2932617583
11.5850113886
2.87557494127
8.64672316296
14.6879770277
17.6879883866
9.02374399899
9.22316278904
6.62905321564
-1.86391318143
-2.48470446031
1.57870982615
17.6156209167
12.0361278332
-0.430472855199
10.3403737605
20.7205218711
-4.89878582379
0.330145599824
13.1946208533
13.9460057908
-3.32315539043
5.83977208311
0.304508704392
18.0978454908
14.8638077399
2.58993762019
17.8519457147
7.52467473295
16.0290970592
7.27208942415
6.53246023835
16.23806516
7.76728510557
21.4340678636
-2.67646899607
0.342340643751
0.255597521812
-2.32206268226
17.2005574619
12.2527527205
11.2510201569
15.3049646122
3.41138213188
15.2787371191
15.0419232454
-3.20789550467
7.47486393087
1.10819942942
2.46699819762
15.5401377164
13.7086249394
14.0696097025
16.0104748417
16.434427244
21.1506763546
19.6411191937
17.3973660768
4.6019605031
15.6470626109
11.7379253389
14.9752764728
6.4536399425
5.20208340553
-0.822891980058
6.19732431622
4.44753231256
13.6006454951
-2.66127757287
-3.78920916517
11.9453070955
20.7799584474
8.89101707688
3.19539039073
11.4077948752
-1.39994136347
-2.75806618437
21.4793941016
2.70028302685
17.4015752329
1.89479451128
-2.88070271342
5.79170867032
0.27300372604
-1.19216007129
-2.92844594967
-1.71217703468
18.3899419953
4.43441858828
11.1164477067
-0.417134124611
-1.15794270897
-0.224349304903
-4.59102598232
22.2229248845
6.08473204699
7.06119349248
3.84407005005
1.16747979788
6.03634587451
20.1214942901
16.9037004605
4.5190936981
18.2538122831
-0.595712939753
10.6592146667
9.07027385637
0.899184778732
15.8008691504
14.0402190321
7.58442306495
12.0693870131
16.2654614389
-4.80233030384
-5.46314215159
1.38519019493
-4.10700705809
11.6609400576
-5.17647566893
12.2860813637
1.64096249057
15.9749785766
-4.52383962844
-3.09658366801
10.452372064
17.7476568787
7.5898549727
-1.89669412626
13.5123540589
16.8501351555
-0.20735471886
3.49302263456
14.8805292625
15.6794109047
-3.49418702171
-1.91723318858
22.178370823
10.7626631591
10.9867741524
20.755928908
-5.21870975579
1.05530463042
11.5625734881
-1.13978337982
5.78722779526
-0.95843044469
-1.20962225757
8.3305026121
23.3163163083
22.5626696803
19.6505791226
5.55179282854
19.1059509726
-1.14523066625
-2.82025243333
19.5098522945
11.2638735852
6.24257256121
20.650572852
-1.09496475832
9.06760462335
19.5633098778
5.26836722921
9.18495919267
-4.50231163688
22.3762946164
5.38422489994
-0.130681383302
0.585497784226
-1.71851277571
18.4693340206
22.7602945249
24.9640850102
7.7084867472
4.4719097033
-2.78148717903
0.871643046481
24.3977415937
25.1323576624
7.66960746062
-2.74518162888
-3.17519805701
23.6142163522
-0.956656061114
-2.88999972828
-0.434209855915
-3.4063695705
14.0338133046
8.20021460535
-3.02832262299
-4.21010083088
-1.60869582812
12.7889845858
20.1355098396
0.307127223667
9.04451966693
14.8268125886
14.6683083763
9.09620753608
17.4472310251
4.4364090677
20.3858062778
-1.41503233298
4.0583922741
-2.58893777163
4.35548537202
12.4512385051
8.45123077009
17.574050663
5.39823347203
-0.270942428768
15.5236651939
1.23145661483
17.8281657393
-4.80959132248
12.9248989208
18.0945334936
6.07621141287
0.882433830656
4.50863195225
16.2443394763
15.6667308369
-1.19321531182
19.355866936
18.6095641339
12.145513489
-1.83028267935
15.2283261164
11.9551776711
11.4971867824
2.52256456603
18.8371251995
-3.40266680389
1.56348959713
9.16459694907
5.26322992857
-5.52834579744
12.7954219474
8.39634372695
2.76600218192
5.33406823642
9.77135352475
6.37559733114
2.52638241697
-2.50617074408
9.19421453976
-3.49566524648
1.43007316313
-0.34381401689
2.19307773423
8.11334225661
8.50297980842
2.52284720937
5.4057320732
13.9027845252
16.4220511819
6.36520487915
16.1067769267
-3.70118943108
1.55423788297
4.66196500702
1.31859927067
-2.37764149957
-4.34133360537
2.98099169047
15.8184867984
-1.68393623138
18.6294340791
-2.9197932083
3.72384296775
3.8726555772
15.9711617518
-2.03719341476
20.4863285325
8.74862875206
1.60971623392
2.31559434307
-4.64683340701
17.4314601072
11.4645047884
-2.81674733597
-4.27425957698
14.634080549
16.0038354102
20.0674737902
0.0276999706616
0.167024318997
19.8785348189
16.8616922343
21.0119714001
5.98035876507
16.1699354663
-3.28452883148
-0.654078781458
-2.44069312027
9.97516422064
10.1233201168
5.10899392262
19.0221346433
0.903782932851
1.87829947718
14.5066272371
13.2865551541
11.8804956467
19.2284303243
19.8851106131
3.35587548502
-1.96110325325
13.0031112214
10.620118561
2.2449057863
15.5604308772
17.7689414682
30.2925453326
-2.36382010362
13.5038119703
28.6582986219
-0.56749011941
10.7560476708
3.27317118996
11.2571463114
0.280366856012
9.55511352749
0.193510235863
3.83060244078
11.6932048494
1.49963960157
1.46890043443
3.81533252313
2.46066265604
12.8681984381
-3.05242990516
-1.87193590159
15.2839982211
-4.55211050276
18.7830533705
9.45084803547
-1.07392449965
23.1578245905
-3.80003625541
16.9096054268
8.56360635616
18.407532826
0.148375588223
-4.77863977975
15.587504741
20.516954973
8.22746649398
15.5220039287
-1.45601469222
12.0868320262
2.32688846799
11.7321071401
13.3121492181
7.62830069856
3.2756559025
10.9238259611
14.5466672532
9.48930168083
6.76195297249
11.6912448652
6.54529706558
10.622829276
9.38657274646
22.7652697748
-0.634338592537
-0.0246190872295
-2.20375334835
4.01997611109
19.3044368315
19.8219048893
2.72975041097
1.31101928342
16.2009698914
2.78152457224
17.6991755538
7.96560083978
19.4439464583
14.3049200171
18.1486511005
-0.621909221277
-0.523368996752
18.5577487652
9.60046880309
-4.71461189662
-0.581324356715
-4.05877182454
15.4095626275
24.364460401
-1.83475986168
14.61286891
-0.3809820397
11.5725935191
-3.38166287301
2.49671542297
20.659681333
15.3841155819
-3.91423916719
-1.81367503349
-1.89757773289
10.934367549
13.060012895
20.0436943761
-2.35313596189
18.1077143054
-0.945454985694
-1.37142201472
20.9113330632
1.03528959288
0.540352729986
2.55302840356
10.1804903729
11.2971056052
1.68679312142
10.5152526646
11.5661238828
21.1060473553
8.2528439795
6.66252308312
19.1181791515
10.0012293196
7.68946723571
0.121166882447
3.67551933212
19.3660761248
16.8975621714
19.2730457301
2.05980371728
-2.36375078032
15.2188178731
19.1439353132
10.6253145622
-0.0183976319172
-3.07132929886
4.63980756275
1.67900990859
-3.60749439657
7.36037709596
10.19396214
16.743104423
5.09312281511
-5.33257905764
15.8749199544
6.94580896799
21.7149673793
6.28880462506
17.8014445069
11.8512685409
16.296071189
6.54687854483
17.2755857085
-3.42774984629
-4.28446535979
15.0109928669
4.92855667385
20.5838460792
10.8895922675
11.9220494989
6.23111744564
0.0656273109583
10.9451715221
12.1262669389
15.118643569
9.28261164029
15.0512906151
9.5680415876
16.7633940599
6.57988514074
14.725414867
18.1943289569
6.73341005083
6.26486699501
0.815855109353
4.45362556458
17.3297448348
-5.91063684412
9.20322266639
-4.01307673882
16.126168469
4.70738499189
5.39188476381
-4.44424031833
18.8780531274
1.28714045186
-1.20891592774
-1.90972838216
0.0839478295317
14.2225894054
-4.11433420613
11.9282910013
-1.61916776809
15.334134178
10.5209185009
-1.48413460066
-4.02676766672
15.480274769
-3.8312921389
13.5947454824
4.71460249923
11.6821992936
-3.69390769777
4.10041064907
9.1843036437
3.5895782439
15.814638621
-5.2458351184
8.72723056096
18.6032327588
-0.328945504496
-0.727448263738
14.2306292076
18.9398515656
-3.38395926142
18.3574706343
3.08762078065
10.6001798914
14.4753265176
14.7585726756
5.85084520402
-2.68345065099
9.46341362413
-4.43737394308
16.5670597445
16.0354147272
14.6398061826
12.356508164
3.52967185535
12.2995868029
7.77635321537
-2.06596892693
7.94740071805
7.49497329861
18.4465572646
19.2469801589
3.28633188066
-4.25566072467
8.36853928539
2.86436672448
16.0897307562
1.95164931394
18.8691144344
14.6087105381
13.6261806708
15.152985765
4.00896850059
23.5936393246
-2.76889287514
6.23572601815
2.41688266407
9.47513050804
20.8085869823
2.68566224288
10.4459692249
16.8435231042
13.1331369959
12.9443034124
2.07994032814
-2.97606266591
15.1493643714
-2.18725774187
-4.0170709002
11.2196416582
-1.67622849993
0.0853653217759
-0.00733103171182
7.82419077914
18.8181682947
10.0535316715
15.679835444
21.7097415
6.80249785999
4.59246551178
-2.72266634526
-5.50763227289
2.86021806529
18.2529971161
-2.19357445598
0.819803056554
9.14846642877
6.04128414822
0.234284836983
7.51717432304
3.35795146122
23.3778687754
14.2083627809
6.41291595278
20.8772991889
18.9212380187
-2.73731359529
16.027685029
22.7399642654
24.8548722164
21.2700703218
-3.79920608898
-3.3502856388
2.8823400858
16.6606553532
-3.2644209628
-3.96944413445
12.7838584572
-0.950979608401
16.936572546
17.8277875301
14.1183201942
15.3476847727
17.5133639278
18.0093715949
19.9427861084
8.81126544373
1.82003624864
-1.55897110219
1.48499227663
4.44871492065
0.251927832262
0.299908794417
15.4468416784
-1.34162730395
21.61320633
-0.353249773141
-0.453128380615
5.62849209936
26.1032602762
-2.82297663389
17.7449778542
1.81375771413
1.1441856291
11.1995492956
7.28083190957
-3.38893848215
5.16239999814
0.18796488958
12.7060518811
4.91275546212
9.90305227186
-3.88343103837
-1.06023553801
1.94145033459
18.335200636
5.73480558697
-1.33418187911
-1.31546797986
-0.191792809036
3.13335477697
0.248366020582
17.0496055763
14.7742727182
8.95203709446
1.27352791362
3.092856637
8.79536865639
19.8384781227
22.0947052133
17.3460796577
7.7385452953
10.5349995133
8.12863413961
19.211776363
2.25530924664
11.2007737641
16.9658500948
1.00491182118
-1.33652327869
0.257345162262
11.8239772416
2.73627721353
18.9365285606
7.32911088942
3.87145117952
2.66193662972
5.7507712851
11.7580773845
18.421333873
2.73923932677
18.2553981294
2.76712527532
9.09468148906
-0.241576551384
1.28713179224
2.92649298009
4.75118032675
17.9186720517
19.4901262262
11.0520992344
12.238050577
18.9276907826
2.8245522351
4.77292561021
16.4048139415
5.85528559794
14.7322112326
9.49226666556
17.2140752462
18.1873982559
8.83527804528
-0.699969303852
17.7606095533
9.40009422834
17.9315762454
-0.643490606621
-1.54420279752
22.6363013306
10.76608177
9.24560320346
9.64631699084
-1.57434550983
18.3611625176
6.4792133471
11.328991482
21.1289684691
-2.12604898374
0.665177128634
1.32002420056
19.1243061591
8.44106824904
24.8515441943
-3.5096855658
5.09468279045
-0.299986014499
10.8111788701
6.47272694446
12.6615146649
10.7648300011
-0.889086144865
13.0105273352
6.88939724577
15.4714981
-0.53739754471
0.492863294197
3.47654287982
13.3748431088
3.50723448513
10.5339163285
-2.41076437994
20.7317059675
4.4851952126
4.36503251464
1.29391002037
4.32699409685
11.9921615585
8.32817605589
8.24084750947
2.38348131688
2.47768534223
20.1140952606
14.4500183669
12.5174947809
17.688568934
14.6546331444
4.52036689239
13.2358787229
-1.23443704899
18.1702555563
-3.55877293357
12.8125637388
15.849398475
-4.94955072734
0.958470281415
-1.13875849807
5.01125196731
7.50399676369
11.2468972777
18.886581044
8.33497534099
20.4575933813
4.92858986922
2.6608527946
-4.60143325435
11.4501290661
18.4685828221
10.9773380505
20.9575699862
4.86789724965
15.3903685195
14.5499319831
7.86510898071
-4.79186224779
17.8664108419
0.0201749745909
19.97149226
12.5774266601
9.79751898704
-0.864674448664
5.9085097607
18.643594865
7.68803695516
-4.84931873394
13.8285707
-5.35106429705
16.1102627124
1.36072379748
10.4841781531
5.92051950163
15.2242231605
-4.08286289915
-0.908834341555
4.80103024979
9.48135780319
-2.98304475853
2.98280100107
7.59933056291
13.5401905658
15.5439729502
0.532669064191
1.29026961964
4.352627934
-4.3441143435
14.270327116
12.9273882667
-4.84753763306
14.67036012
4.89510558467
6.4004969093
3.2503794638
7.39316926797
7.09332052721
2.01261244171
9.25697059811
-2.39771967064
14.7975950994
-5.03385825012
11.5511752509
21.5376759324
-2.83498790001
12.1116890055
6.44846934522
20.7617962937
-4.88004583173
2.59639427124
18.8249850609
1.34096295482
1.61686311111
16.1011410187
9.06495029126
-3.75657297745
24.0556412304
8.93714330604
23.2452854539
19.5785038206
-3.00038000913
16.128138004
15.6857669615
19.1155633203
5.50366514015
-0.0243218603778
4.51856671977
6.58183388861
-5.2818933781
-2.37582071627
12.5474011665
4.65893848752
10.3643475721
17.8504221828
1.0365758457
10.365586964
-2.15797925907
9.55008805976
1.17365137426
-0.849311459093
6.20729209395
-2.38917853164
2.61788119745
7.10383006091
-3.31139620017
-3.22249581801
-3.7646112467
27.6616796596
16.9495751665
-1.97542065573
2.48725524046
16.7389670356
31.3923110863
16.9917931438
-2.57006134
7.8007867326
7.11022028426
3.53088477897
8.11864735435
-0.080913181793
4.26415205085
-3.14647599453
12.6826151796
20.3297573663
3.34230728829
4.03913490943
0.741960888123
-3.44581021825
1.52301416365
-0.108331621313
23.5865885776
16.3336566886
4.19465646978
18.350248072
3.02331736135
0.640695540483
7.43217269657
12.8786878608
-2.42132630552
19.7703777932
-4.75500003586
10.4883530723
8.67410583977
4.75202315859
14.6651392169
12.0889108808
-5.6422631151
14.6061622514
-0.349690225292
-4.80000906753
16.9838878608
-0.121519704107
12.0971149555
8.94980050504
10.3423713974
8.05861667515
0.624392877438
10.8525791238
-3.32190877688
-1.67410259744
-0.191115824596
23.7326136164
-2.33221846032
13.55799354
-0.695822083694
-2.56074502
18.9927487563
2.39111128246
3.31976717817
9.81748651577
-1.6426284536
9.49046493078
2.04583400208
14.4045415407
16.1405312861
15.0897625144
-2.50596523066
16.697274551
10.566809199
13.129318974
18.0646895449
24.6887621394
2.70814436851
-3.86070557928
-2.86025022376
17.0039439107
-3.43094625655
26.9559883031
24.6448621005
10.8038699681
-1.8472908759
0.161863011477
8.71986718868
7.74936355606
5.30357928121
9.5189220977
1.52204139303
5.2966246657
-2.98163778911
12.1615508774
13.0199623428
-1.31781451868
3.91719033944
20.3988387324
-4.66367414589
0.238609145842
15.9019138405
8.23121958533
13.7519180955
20.8330631761
10.5571294835
-0.0304334599288
-1.88829680607
8.7099266783
6.83929667274
-0.53215555211
4.04338173438
16.7786489186
7.23869662989
18.7556513339
-2.72023821235
11.3406595073
10.8539559247
0.238455731368
0.0108104793949
10.7215757952
18.5327954162
19.1242633665
-1.84627039487
4.24924013747
5.30250961965
9.63960023728
-5.04916211887
5.14100228725
-3.402401969
2.06064753686
0.530994056335
4.43239563108
18.2553668422
17.7188217388
-0.28361744643
10.199169828
9.67054986654
-3.6670536749
1.1753643913
