11.4129261573
8.53146006273
3.20191957733
7.03131263374
8.61883737402
4.09401172654
12.0159008727
12.3928363952
10.0411643627
8.71642644101
2.53621185031
3.20043301274
2.40014682867
11.7969226308
4.5499110967
10.61309374
10.1995751446
3.75621642638
8.8895125497
5.53428611603
5.93638711718
2.15685364514
2.64963195688
9.54661561628
8.4577955479
5.39573977582
2.46992057373
10.9362769555
11.4243116589
9.18130732137
7.49319535612
3.18387693615
8.68325141694
10.5317873115
7.48078050896
12.5942174081
3.38656412294
10.1219768637
10.1925162689
7.59934446643
10.3952703116
1.64413747191
12.6104451996
11.4125698135
11.9237803546
10.1524157512
1.05661386885
1.16246764301
4.22812906519
5.26624990918
3.99143586453
1.58322702845
12.0943675389
3.83800317024
4.66189405176
12.7839065372
5.22400613689
7.80204839797
6.976463109
7.29582829729
2.54195778008
11.5903049499
4.04476083087
5.19987677909
12.0299173485
7.0675413763
5.02472222264
7.0433331572
7.67789269914
9.51185155255
11.0258528811
0.439164554684
3.35424494162
1.10983052455
3.55496896658
11.2516674872
10.4433523015
4.14917832619
8.09264167282
3.69308182584
6.47778680607
5.78039289471
11.8046474621
2.88236195098
4.4629294432
7.46530452402
12.268586851
7.84572333097
3.51061500709
0.882010585242
10.8033103125
9.87422150131
9.95366798955
10.3020062981
5.95957997731
0.516094656045
8.36306412183
11.8307537457
7.94616867061
0.951763035945
12.1241367755
0.669305084536
11.9102367493
7.80410050636
5.53547230934
9.30776548402
0.260923528716
1.73100907131
7.59182112688
8.23749948603
2.29395276498
10.8105916767
6.82850635551
0.804232539514
1.00526909969
1.59804676896
11.6772581641
5.21309343219
9.43973254405
2.64606953263
8.14159129298
8.24074409885
7.13903755723
11.8454568608
6.64461765459
0.824773398822
9.16968236307
5.08617736182
9.13324524476
4.01900745419
10.7250007532
2.48642536175
1.84546070288
11.34180655
12.6343199375
11.7565702718
11.8674568847
8.2317115541
10.8637755203
8.13916301221
0.976907134464
8.45829214337
7.9817017985
7.46925738607
8.2292440097
12.6755505208
8.01081713916
3.61056117038
3.75570497562
2.06258573773
7.96810998691
1.49572513076
11.5449534694
9.68698786937
9.26090372205
11.7468769425
0.253059877267
6.6723721255
8.6924813776
10.4066236346
3.15559261635
0.608879304214
7.66526429101
0.877902874864
7.97164574495
10.7948663549
11.1718806716
7.74565669935
12.1650393257
0.388527315801
2.03706229458
0.236074525467
11.8487623695
12.0531932708
7.06743544515
2.89293732528
11.9947674119
7.59694018915
8.33986760071
11.0214225897
9.4070538401
6.41941732872
0.755140335205
9.39513128991
0.51007429784
4.82226615784
3.96380628497
9.3772967018
6.98636733273
4.50269287714
7.60959289184
0.889821198322
3.70275396888
11.465742367
11.0844787526
3.76222668679
12.25788428
11.1425225912
2.82459603556
12.5073385446
2.40222704754
0.829625854447
1.02013090436
0.149486182691
6.90986419219
10.8160678027
11.8475781308
0.976717176809
0.0476496592823
12.1642232955
4.29662633487
0.687020947145
6.30130144528
6.30101731422
0.155260504145
3.42613556782
6.62739065941
8.06583441073
4.87143889745
2.86904064652
12.1913318859
1.67148927933
7.1053261324
3.16990001232
7.39150220948
8.62081258926
6.29495421233
2.59932894869
10.2311262588
3.97745936482
0.150363669051
4.88749763058
3.03702307834
10.4474602937
12.7252310535
10.7240990574
6.77737172217
0.363147918574
6.69249331939
0.452348221234
10.897504093
5.50488934537
2.65348171341
8.84564324561
5.93103465399
7.4008770451
2.04041114242
10.574130368
5.42803435866
4.6310519186
12.5383237178
8.46501709786
10.8099147929
11.2626072537
0.430727693685
3.64504111818
11.413925985
11.2772750671
4.68173596455
10.2850311907
7.73101892015
11.9868968465
2.92788629176
3.69150964988
0.701285042883
10.2445360179
11.8448518375
9.57052336188
6.13883806767
4.15025649304
11.5095391069
4.87065227667
5.25070134084
10.4657841414
2.03272011806
7.96402838182
12.1849292889
8.11628440346
3.02628549567
1.53909050796
1.40363384806
3.24494775658
1.95056010332
4.36392603963
4.56295264257
2.2201701312
5.7972834372
11.0154445995
9.39571605177
9.13810922139
0.493417455545
3.67112849786
8.38040768396
0.717397655624
9.84260150752
2.34134467057
4.73907364587
1.98111789229
12.7303528935
10.5559883452
