9.23083789758
14.3831638623
0.802190797492
7.80288711548
1.86098306038
11.9608300946
10.5843377614
10.8104374344
20.3497039038
1.446874843
0.708945637854
-14.0890481429
-12.9183441079
-4.17583044516
-16.3582547543
-8.21009120648
-14.0835167856
-3.5770260254
1.88303391643
-2.4272948909
-12.6887225982
-13.5917970526
-14.0061401205
-18.618137788
-17.1716343747
-32.3551617448
-12.3519798838
-13.5073875809
-24.0527770285
-14.9351825392
12.5690348232
13.4664815939
18.2737238066
3.15321266329
11.5916427881
3.61882706275
8.70594615301
5.97876433628
12.9905734363
10.9418166474
-1.81186038611
6.72077588576
6.05805748211
-14.4913469828
-13.5504497164
-6.11654717666
3.5025974872
-5.59360090475
-11.7962910879
-5.88627099305
-16.7229856411
-2.4003102666
-3.74851458339
-9.97043259465
-24.3770518729
-4.57154136648
-4.48565264477
-17.6100101273
-9.75174042364
-4.91051971051
13.6817976424
16.923707211
15.1244702784
10.4465408738
5.87976544172
17.6423438092
25.0699942345
22.0479551966
21.8804958809
14.1319192219
-29.2198133832
-35.3832768925
-29.3466227205
-22.7041500975
-31.8126490878
-17.7129599004
-18.8054127789
-37.992519361
-24.6773028207
-17.9388061806
-29.5101284194
-45.5266264231
-23.3526039079
-47.5780006935
-26.755077274
-34.5285328449
-44.825547627
-34.2833277462
-30.6693325198
-41.8629620623
16.8961570016
2.98274433983
9.80530166389
15.9824421931
7.53937521449
3.79648281828
6.03225773394
14.4410120385
23.576816165
18.513351172
-13.4683089871
-31.3086965709
-21.4105486282
-28.6525458851
-27.0885057414
-27.1584262802
-29.5851814089
-16.9053225947
-25.1762100251
-13.8583425158
-41.5395913395
-36.3178403415
-24.8284691474
-45.6849264602
-31.6759489846
-37.4460555433
-33.6790133632
-26.5500446059
-43.8345641387
-31.7679609146
1.48901411115
4.4524731286
20.5020302566
24.9662519644
23.4916313381
23.810146423
22.8928890206
6.74640642402
12.7802929189
11.8045624052
-36.7411623497
-28.0616718781
-43.5294888073
-21.3744921207
-40.2133477082
-33.713828465
-28.1916041812
-28.915254547
-42.5859409812
-24.6796761169
-23.8440480894
-23.4002150022
-18.2720741706
-32.4712163757
-12.9704325692
-24.8718610799
-25.2759001088
-16.1517728789
-29.6433650264
-17.3206462276
