8.59305160271
31.2387757578
-0.412152046297
27.6937652237
15.7454809891
4.03201617431
1.6980967388
30.9062547597
6.49701242163
16.8671157225
19.8565839762
-0.491171589526
-0.0162244558197
-1.09725491971
24.2232925554
18.1060448923
23.6876085544
-0.0121135127055
30.729343355
13.4347101098
-2.27105529457
29.8963639854
20.7633228589
29.0286740161
-1.14651683748
-2.4525517108
39.5018200501
42.8008423097
4.87068121542
21.4981860875
-2.13559740954
-2.11693734914
14.7505977065
-2.49034672876
9.70845568878
20.9731399717
2.73655245785
25.7547335659
23.0454292239
20.9270098201
16.4240105246
25.7533652198
16.1937858148
17.7931971742
9.28174400549
14.0731285024
8.59207807464
-1.14065076072
7.31331253288
16.7099818911
28.8822656894
-1.17391623179
23.5905628125
27.3200808882
21.5541337931
15.6400049518
-0.761812928165
25.8212818709
20.8056020308
9.90075053745
13.9188613761
35.2677847453
34.9524069344
34.2179695601
2.02819050285
0.0150152064389
24.5137291649
-1.15765110449
12.7728385122
28.3156501007
-2.0528939265
31.4002729962
15.0167769363
26.7226045692
-0.2044749417
9.12546981612
-3.14401589885
22.2808196932
17.1414260942
13.3636544926
14.290562655
17.909507587
24.5082161113
8.06143089586
16.406380781
3.06000726074
-3.70243959089
16.0960675099
9.51143182839
10.3937516899
-0.39935622761
2.61153037979
26.4045488762
32.2863610218
29.2935388139
24.7515508348
-2.38079374617
10.185323151
6.17508464756
27.5894533054
-3.8214230405
-0.835639626369
7.46485934898
0.655229435514
8.79241742315
27.8148935526
8.38953141593
28.4642159121
3.36564696491
21.854131813
15.4625723742
2.12571760803
30.7605599136
-3.36512711476
8.96969778407
6.45524774515
20.913149665
-2.60019618519
11.0981464878
-0.0422832497062
31.1552858209
25.9280857395
3.02703112543
-2.44503018069
17.7925439886
18.2565630955
-1.1116099659
3.29837017743
1.81330674257
28.1347368932
13.3467784536
21.4710249798
3.54611513953
5.19805807442
26.3646664666
11.0454063412
9.50203323402
25.3700566435
27.7615266858
4.75372393291
15.6659295623
15.3234274028
13.8983137858
22.3899929622
13.4720496083
-1.17303543445
13.3010286298
17.9373745493
13.169050268
3.00471360464
9.33452968152
10.7328757542
23.8310497886
28.8153174549
27.0704766162
-2.7342917912
28.9326064724
15.665628346
24.7869636684
8.07468557789
3.36227192523
25.6125202947
-2.41140981623
-0.744907284533
30.0095910887
-0.335110474973
4.848226339
-1.46123075586
1.32127839823
34.0394130379
9.31271470551
19.9604366173
21.3686226613
20.2975013901
-2.37322972284
32.037118622
15.8654354902
26.8398271724
-0.278837195669
5.13014558819
-1.63258891197
-1.15582381656
26.5004749273
-2.09522850745
5.3222472862
2.83890984963
5.81699568147
1.14545517261
10.9463369924
21.3500619136
22.0510577621
31.3698791281
-1.66322214387
24.9801541692
31.4994234306
-2.64553116641
-2.64997252485
10.4130417981
30.2838068212
-1.91131973751
18.4243538983
-2.39294871477
26.0164624617
15.7618015004
28.0381706815
-0.00462280954218
-1.75552130047
27.3986498371
13.8816712346
12.1835727474
-1.82285660658
-1.14611084867
31.8089224618
14.8013553099
20.5180347574
-1.63919604352
10.6864348697
30.2128441397
29.7771511685
8.30710714485
43.8467787947
37.8207531603
24.0869232574
-2.55740076981
-0.894149563502
-2.62696411037
12.1241595703
30.1219929949
30.6823479307
37.6998809423
20.2387116274
-0.548137081357
-2.0653279854
10.6423277231
18.9750439017
12.3843989145
5.97746573151
27.5538893667
27.090051895
4.44890334316
3.1121833476
-3.15499326076
15.1302716765
14.8433494389
15.9416088544
1.9073900146
-3.82189859773
6.93009305095
3.39992803483
-2.66465165114
22.4128264627
22.3734021333
17.3122031337
25.5597004023
0.109903337179
-4.02675691479
26.4534195311
19.9542558256
25.3069886466
6.13208069343
20.8218069946
-1.84035889199
26.5405482484
26.3463933715
14.3907174565
4.6094929251
2.88571954187
30.3084196318
5.58900478254
14.2564731971
-0.0887326789211
13.9405034388
-1.38980884441
9.70806512827
20.4368666623
14.7301413668
3.01523066921
-0.427831228094
30.3782067561
8.51893585215
24.8728929753
27.4226402265
15.7381679969
13.3777801663
0.378162633402
-0.037234387942
0.2483711874
-0.1646526388
21.3552282749
9.59887512555
-1.77530096424
26.0184884253
6.98864839601
-0.46979406664
14.1036814331
22.825968514
12.4812853217
24.8608049135
4.83123818529
20.8811502533
-3.25857021682
21.1009225263
-1.89000402026
25.9662153102
9.86444743441
24.9972605784
-2.15012779384
7.63067953896
22.5773577798
27.8023645865
30.1352675157
12.4830013613
-2.32665110035
26.2570587191
11.0316189986
25.8987781127
16.5147388187
-1.26235637678
15.3877263534
26.2648063524
36.6374209453
2.78207943665
-2.71769772418
10.2682078393
15.7351467035
25.7343265531
-0.983216095306
3.45238798501
17.4489245313
5.07746270441
-0.933547685579
20.3605412813
7.23151984322
1.69996021888
3.64364971696
15.9373707958
15.7828244383
11.1451348503
-1.29992286433
-3.84454384016
9.5316574384
2.46877224555
-0.746561730071
-2.01122485379
-2.89675331746
13.2263389612
9.14277092627
3.38644704799
-1.94881019489
17.057244604
-3.00646323476
6.18554917945
1.63550314247
-2.45856395563
28.6430327037
17.1933793483
22.971220158
16.3612468083
9.2536913434
18.8640804397
-2.04944502865
-2.38192959316
6.86198240777
6.66156186388
21.1099373533
21.2924179355
-1.95338048861
34.7387042223
26.4957790516
8.41446077601
33.1110992136
-0.423271511617
15.7056681773
19.7318159056
-1.66494331371
-2.47346070501
11.2042757952
29.5031174544
-0.161404962986
14.2314674269
20.4258463165
0.859961659124
21.7129523053
9.5405746713
-1.77818330097
-1.885288854
14.0113290655
-3.89890280314
-2.86441782777
26.00179775
12.8439701595
25.7928774913
-3.03503948231
-2.46066730252
16.6677543481
11.8008963959
31.9983944951
12.6383362944
22.9399213373
32.0776705545
-3.44984020471
7.96739021914
19.4458034868
18.7877345472
20.2362688596
6.08620951528
21.0430949917
30.6954180564
6.13676985248
21.0229409634
0.643408994109
-2.36651987751
12.1893494911
24.0969603834
10.4317947355
19.6259465419
17.3387917789
-1.22680727868
-0.7019342156
-2.03429577341
2.84076754465
-1.33996701053
0.0953036287787
2.75988947342
34.9886271519
6.87580388124
17.8852198891
-0.752874992828
-0.852114124228
40.3709539991
22.8805469794
11.180490502
-0.303070899108
20.1883988253
27.944095828
5.34978884237
29.0105818443
-0.0335424524898
19.1135681022
0.648566755883
20.6112204125
6.78873096203
-1.27571412552
1.7088774376
18.3509086612
-2.99720508513
21.1818163372
7.15799465791
-1.40710637022
-3.94442287262
-0.84754753251
23.9718135112
20.4862146074
7.21241612409
9.83093771919
10.0407342823
7.27355165456
18.9731486477
17.0566898428
-1.8987189749
2.4789759397
2.09397322028
15.8854071854
23.3636120427
5.60196193445
9.92076881897
-2.86045788722
-1.12117331087
21.0671434748
27.3237947038
15.9096862331
-0.24348666083
-1.68539249718
22.7118882588
16.3283403589
8.30449784753
11.9627765397
11.4393107979
26.0917900902
13.0166690056
21.5501571552
-2.63570861137
27.6206632659
22.8038821377
7.79430039059
5.21622159842
6.01679416317
20.9174624761
-0.0574752421672
17.7992179923
-1.49433656086
14.048476165
4.19748407091
-0.623143149421
16.032954318
31.5377369326
25.5469034917
17.2857518423
4.04986885898
22.2931488735
