21.2040053667
5.19159759459
14.9096379219
9.99188427392
4.93468995677
17.9478592322
6.32216633539
10.4779581791
0.634764397827
22.189871372
16.5744774546
18.5647074483
-1.53695182639
3.67572559533
12.751216467
3.42215287081
19.4688543873
12.1165341809
9.2179338101
6.28359297901
15.4153066483
8.24166022574
21.1599909348
16.169078161
-2.96602060693
1.66185431562
10.4106168583
7.21273788599
17.6411837601
21.6405100256
8.45198371829
2.79543491734
14.7952650812
2.38023619966
7.17419109836
26.8695644568
11.2436298189
-2.18362072955
25.4572032214
29.1298584215
3.50378396764
0.964773451515
23.7064022016
11.9203738988
17.1175117691
15.1592864127
14.8891911316
20.9610105654
20.6494949349
0.544933045065
4.45483654662
18.9411263476
22.5923101872
8.21330780687
6.45527041737
-1.53424049367
0.776824868719
13.6868973474
0.708376487667
14.6383298778
28.167256849
24.3737069488
26.773159206
28.4432674244
12.9108297409
-2.53235980842
6.04189963422
18.3387808216
14.4238937628
19.4787557094
-0.601405566531
6.93623357916
10.8758051338
24.0417946304
22.2926661685
5.72732490537
14.90575929
17.728480421
18.1488916606
13.4400667224
21.9059613109
21.6842807059
15.814205269
-1.62575402711
15.4960127574
22.6826962935
7.84067077325
12.65324073
11.2929403214
-1.67581774634
21.9242782496
18.3111780032
25.775367107
10.4555824228
-1.69387037731
13.5807010308
11.8438590759
22.4938472531
1.20400092573
25.3725709594
15.8762234334
8.59256626271
-1.36846329557
18.0000678083
21.273863746
6.71279527713
15.6433627442
6.60138939163
2.16353296514
21.9686994951
14.826560821
2.75832085374
22.2882480855
21.9864833266
16.2002462496
4.72404708362
10.7113198791
4.45327681249
19.3632696171
21.5516840657
-1.07093334215
11.1612312934
18.5350371729
21.8975084358
11.840859428
13.5983157925
19.9061747088
17.6618694965
17.9817396647
32.0888125029
13.2175887068
-2.66120297775
-1.03146618173
6.02526182207
17.0875463555
5.06637650236
-0.2643262448
-3.00575788893
2.05329120213
0.361633478544
13.4526984951
5.83851388585
7.61446104897
19.6490411227
21.2315939918
20.5903453767
22.1672782325
21.8404185336
23.4237732885
2.42079461182
16.0396096215
7.17197752426
-0.362348106038
14.6841622749
11.4913737393
1.94846564825
5.60957605559
11.8858563219
25.1726338005
15.2772967304
17.0404260551
17.358337218
17.5118146873
12.4528947605
9.00222551368
-1.28867656737
7.35228802415
12.5001189991
2.66657521721
21.6743459595
19.0106059335
3.07373738927
-2.21706609628
15.3476367757
4.68717233142
-1.44373234399
6.29613804808
2.21933324694
0.940675258314
9.99555028012
16.8907260527
12.2111092704
6.17605351843
25.8759657586
-1.28970389222
21.5292848918
8.45492811252
17.497613656
23.8426849119
-1.3745153509
13.767507561
13.6354998545
21.7184458653
1.75510578116
14.289029173
19.3751243261
9.00165419998
17.6052271317
17.0807291166
12.7621008956
1.7807989808
19.904384683
-2.13932185713
25.5330142468
3.87444804758
33.3671385968
1.7030142894
8.7547859809
0.507585317459
26.1765036408
21.1807543658
-0.674601967482
7.20945527634
1.20960713052
14.7375774641
27.2854943635
6.1584456652
1.13371089496
21.6123785922
5.1440574155
-1.38753537771
21.0120504558
8.15481103289
29.3171897313
25.5801159097
26.045563177
18.958112792
4.23461689987
-2.02838763135
-0.679484458315
2.35627633712
6.84703309315
1.22721057895
10.7570079403
6.67635831819
6.0208675917
13.283731942
25.0089806667
-1.65415424451
29.7964166934
16.9659912148
18.2773491377
10.6494929577
18.5177440362
8.1877243746
16.5108244305
0.819171917465
19.6368156856
17.6769959175
0.298522645509
14.6209864642
12.2065211287
17.4520607966
17.3480717028
23.0453003101
16.3447334532
7.48018953829
9.81207929955
11.3340902822
13.0365271022
21.0459754904
3.59135314029
8.68885703658
3.47343177562
16.7487015593
0.3456313329
14.6674828281
20.3908420428
9.30860945447
4.31411028362
19.9694543425
25.2129190859
-0.237332761518
6.78747867881
-0.133793611621
2.18729792175
5.23023175985
4.1291502679
-1.03968275982
-1.0914941128
21.7756662797
11.9063356951
23.1201014886
11.9922505392
13.798910088
24.3427341591
3.88446402091
7.04191568455
6.36384348095
-1.38578664352
21.9684369106
9.55040628486
17.163445493
19.6189330923
11.4296120478
18.0837960919
4.42381247818
18.7384624661
2.35572656679
9.73246392363
-1.48790685662
1.09375305306
13.9116574402
9.16674701037
0.334593634313
20.5635931894
6.55242704242
11.2764381427
16.2087389013
-0.693215819152
15.4816450519
7.28293384994
19.3812694292
25.8309217497
13.9171109173
-0.919079820437
26.5763538215
12.1320498928
-0.313657714508
20.7421689043
16.3118029402
11.3761268445
16.5997559189
21.4014462612
1.27049395291
20.6585679608
5.13095767553
2.05302121017
11.7666125838
19.8945672482
0.561661015374
-1.38927113683
20.4666290194
19.9724367678
18.7857721577
0.122600445586
21.7177020148
23.2671418789
17.4319400429
-1.52197076933
0.765413752904
-0.583797669148
8.33935174623
7.55673481813
0.359557103438
13.4136029961
20.2823985203
-1.19535050293
8.47918373594
4.30896989845
16.1060057614
18.0946916484
5.93069745024
18.1207859962
-1.47299353421
19.1324342959
12.7699160527
10.0956534553
5.55655758474
0.0398735285502
7.59083466696
14.453547596
-1.11401439291
23.464674327
8.5500018559
14.3418924723
3.75102396315
19.1656550618
24.0334260841
2.64871646108
2.92397092897
1.51109688937
23.2083426053
9.66738508597
5.82201762287
5.14628793343
15.6632654634
9.26526631162
18.12925982
6.63872282233
20.7142822751
17.0149997407
14.5263744193
19.7313040869
19.52507693
10.5977827231
16.3341225998
0.0139405817799
22.0554700773
16.1662288251
19.4937709196
15.6627761691
10.3462165624
11.5077623927
7.58848229397
0.344221281162
18.4439643964
4.70212061811
-2.22403061839
9.30443394888
6.50386151014
21.0343571792
13.1785808643
31.0792810532
26.3179220967
11.7569969448
1.93609268993
0.79827194716
30.5929634919
12.5636456313
15.6940764202
6.0743690496
16.607477703
19.1302764783
16.1352653003
10.5937701545
13.8599870251
15.1578329662
20.7444965203
9.91337955227
1.07942341949
10.4294416692
3.7329064708
8.30345092679
19.2445097458
9.90600080026
-0.896697027648
8.0096264681
12.0123585687
8.22259090089
10.9848137953
20.421953502
-0.537578928945
0.22306908049
8.21174677508
22.1964116302
-4.01012918054
16.3112363089
13.5921907076
21.3048008345
4.12216029967
5.17804009551
-3.29169142045
20.2782128683
12.298691039
3.75261472849
2.53036558813
7.60694828076
17.064867702
18.6526834016
6.99028623351
-1.76279911444
19.0098753956
17.4230335244
7.3540763081
2.42292957601
5.03687141044
9.81956550983
2.94237371612
4.16195146335
1.22075112131
12.0340738135
-0.501635119861
20.6325378294
-2.87731993445
26.3391044724
22.8777378785
16.2340692937
6.87771671308
9.02663213653
15.1566263592
2.07327214546
6.61760183978
5.04002717394
15.5633252788
18.8636249
1.11211639362
22.536010462
-0.995428436193
6.57717283605
5.19362114017
15.5202451948
29.3401583224
9.43707597111
8.56541655091
26.8146007779
2.72963195399
8.05741113418
4.11298922122
-1.89329759479
7.91385134603
15.2506295605
1.78778324937
14.4663458101
4.98351927422
25.4141373708
1.51024816613
7.5563784546
15.4567932698
28.5257384762
0.965023219897
3.06181040033
-3.02654159426
23.7820404311
16.5770959618
12.3472295809
2.12259943028
0.979907281464
7.50618925396
1.39350856442
28.1257445412
-0.0609258083101
11.1847635167
8.94347992304
4.48788029217
6.16186150749
-1.30203036785
14.0731953374
0.765873026538
19.1800926001
15.6553142947
12.1564641497
9.55894640635
6.34014277176
12.3641278482
4.07363369535
8.94590597645
9.50963538513
20.3657984958
-3.30785079015
13.619912927
1.99313405432
21.0865186999
4.09120804892
9.02613468612
5.53526183939
8.87614224549
0.651048547251
1.6974471344
7.85705604903
18.0401711151
21.83266236
9.45048197134
8.97232840315
1.35566408785
10.6971779659
5.65135009954
7.68527341056
10.6233774662
-0.905749714687
22.3524563937
16.9609318117
21.5130317037
13.439012944
-1.48232575714
5.17283942204
4.49242132026
22.9558098238
21.3525717181
9.30476641725
0.933876378911
2.37959985955
-0.505649137346
9.52452557826
3.89484353125
14.5036835
16.5859835747
9.79031849701
-1.93366556396
25.4101657171
21.3989666563
2.44240388494
8.71734977866
-1.53394629989
7.69276099317
7.1305467075
17.7665928098
7.26489549738
18.0682309532
9.36201723833
0.899825164725
8.90635083793
0.580666143099
13.3922237855
8.95733947134
2.96754982585
21.3214689077
16.7416697179
14.2218158143
20.0910407043
8.96806961815
10.2998606995
22.1077526047
17.304610913
16.5560702059
0.37395365521
-0.667370059369
3.88639849918
1.05998068078
1.91549732999
8.59688684586
4.78813751858
1.78166040923
6.44653300443
10.4917070064
-1.21065499688
7.67473911643
-4.30598323269
5.491827665
22.2874909682
14.6205606214
0.0677708715306
22.0759746667
19.9729783311
6.31469887957
1.84704459276
15.6639037941
3.04165289173
21.5283651423
11.203827105
29.2040817104
12.0128851809
1.95244200948
18.607607411
9.17931262249
19.4784349315
24.6751319971
23.8378608757
12.887299044
5.81900159543
2.36344874735
14.4645130075
8.08804011115
15.7479546597
12.4370215772
17.1407296918
4.61707164238
8.3039522302
8.6395657281
8.71205725324
5.57445784669
1.71005486288
4.08617575029
-2.77563277993
8.45353473434
3.09542351415
10.0451479922
11.7176703021
14.7849343362
7.87037786798
30.3919606111
1.63365906274
5.33976239247
6.08016575486
1.34961946833
26.0692571933
7.14225509909
2.85475498742
20.4641811147
0.851138429216
16.253830596
8.58478181613
-0.000865305102538
20.260550988
4.12869797151
-3.71043848655
8.76862962047
-0.878211728978
19.0270244086
10.2135873664
11.5075524715
-0.0353019482605
3.88877486369
23.6472975804
12.6120521246
20.3318301661
6.22273576481
-3.07420100644
19.4244703659
-1.30587271189
14.3979060259
2.59483701115
10.5506887747
32.8788574565
4.110890897
1.67658693345
25.2443450846
14.7076549242
-2.339357249
0.528869632262
14.1148952449
19.4379593648
19.8611087751
13.0047065789
-4.69208012745
17.1194228999
4.9534589791
5.38192015111
14.6721940111
21.5707926759
20.307826329
18.6822945886
7.90451817397
16.0404750618
4.89692020783
-0.203186106341
12.6054401123
-1.96105239836
8.40835156011
7.66358176257
5.62994914609
3.7037815975
17.7222307503
19.6021906231
24.4261044677
8.01469695284
-2.68123515457
10.9290720643
9.70828620139
11.424115703
18.4087300239
-0.640343971543
20.8131818913
16.9473185011
17.6002423241
10.889748797
10.0451066356
7.08331904856
20.2303877517
-1.3749434503
1.07733493875
1.39482262034
9.01683730168
25.670369276
19.32602221
-2.62404502282
22.5111228441
-2.31530007
1.40548977907
6.55794079121
0.0735301293103
12.4002174701
17.7930486781
1.72271746643
18.5078779364
0.183790220455
4.97362103193
6.58554913226
20.358908435
-0.577469624406
-0.530041190837
-0.355673636788
12.6692792089
-0.551096206408
20.9848417351
16.6176794743
-0.147367573042
20.0527734175
13.0715340832
12.504603624
32.8082809472
16.9727580974
13.6893004516
14.6183168416
19.8796214653
9.9643559927
3.07823763944
4.16662057436
-0.978376975367
0.0984271860548
16.8877856513
3.4041368442
19.3382873402
12.3083480731
8.79827510761
9.45985442615
11.0351328776
0.676753213758
5.94355608228
0.339554513541
19.5770266436
7.87634817582
14.7007469387
2.51634412013
4.76839617571
6.99886325098
12.8561903363
21.1443367152
17.9287953614
5.45734867455
-0.993591866856
19.4249221098
20.2364517398
28.7390219739
14.3524669867
27.5646344487
18.9480958415
21.3426924261
1.80370300277
3.03241373726
12.9599871213
15.692332344
8.27953672114
11.3890125375
14.3605243066
8.04885784046
21.6387449002
3.1834753433
8.53259879346
14.4679077015
7.80528091349
14.448630715
20.0263549603
18.7922558782
16.7092392637
14.2076777932
19.4796758426
23.6963558567
6.23457782477
21.5395361209
20.3143870424
8.49527368669
15.5758067031
13.1394463542
18.6852639882
20.0228104248
5.46052124367
16.7433781962
7.89699740167
20.3041434377
20.2383321823
20.5151175882
8.94607218235
-2.03788209356
0.454353188138
16.4800209686
7.03296829908
9.45725842599
-3.11882566185
20.6025426613
23.041048917
4.44207925122
11.6861020235
-2.24702034592
6.98599151704
0.0631663189255
1.89596181131
22.5138923374
19.4666185449
3.82921672195
2.15653296926
-1.73552871734
16.5904891457
19.7303233041
11.8763454834
18.797817768
19.7328562913
3.97766067074
7.1686310158
-2.09822416858
8.22046818173
19.1339117499
19.4572392184
20.359815305
19.662669252
23.968876057
3.44903358266
17.1235430152
18.4043806837
9.98827965805
12.2147796857
23.4475267141
15.1482554084
15.4821623379
4.52147544789
0.210118014485
15.9213619496
28.730243962
16.0440960932
-0.636154285114
14.1845333327
0.275877174937
23.4962738804
20.3353594478
2.80483293174
3.46631842393
17.3873239451
7.28071314996
18.7147032506
3.35270717219
2.00710274334
0.771537411263
12.698176718
10.4289658675
7.27676440074
16.2911661482
1.14802586839
23.6681557904
8.72460058395
8.27418717083
12.8192100853
14.0860452165
2.43902839005
-1.22951015004
10.0022864097
5.84605640635
-1.81701953725
18.3650737847
3.36141794791
3.82303107359
10.0181081451
6.39732218801
-0.0513655597002
14.0851501515
16.1259006395
-2.0557784488
0.865527861288
2.23637197883
13.1073347151
-1.0775743062
0.122037903683
14.553468069
-0.0440734088449
-0.383336542729
0.344855551008
0.91674995118
5.28341602312
11.4073756908
24.2916657103
21.6846594739
20.764786028
1.25795223457
15.7741181363
5.189908535
1.59406419854
19.4120407696
5.68557991277
9.4084177358
19.8123027189
-0.276514338286
2.69455817532
19.2838934469
-1.2045472266
1.49474422679
20.2343125437
-2.42782153412
13.8189082583
3.60064507071
11.4056424185
-3.34236626849
7.09617004346
4.24380991417
18.333172445
1.55694555171
19.451079219
7.46717583239
0.549665298861
5.15220318009
17.3101637395
18.5547406961
19.8430850612
8.82086471759
11.9906730896
4.09874217093
23.2179554255
1.57804403358
-1.39507507091
0.0306717571306
17.766670146
3.33089319874
15.9986322495
18.8645560904
17.214080356
11.2776878037
0.417225110152
20.6067190053
-2.33472655353
20.2830510379
-1.19292029977
17.9962847989
15.8077198979
8.52234247666
-1.32007027917
15.3560365452
15.5483160777
-0.911701346298
17.6985796382
14.7500890738
15.2225223451
15.7723649175
3.66626440551
9.49079529214
10.3100605664
17.4258701753
14.1519367926
12.043307115
0.212983601343
13.379813049
-1.72803585182
13.7178090681
16.9899212378
16.6217146545
17.5035935267
14.7377712465
20.4200712637
-2.86047063951
6.65442650104
18.263060519
4.4865635454
4.14230208494
23.1666550372
13.4552978629
17.0090310683
4.66432113175
7.9762186375
9.72901679119
13.3860557691
19.8213490027
16.9591888507
20.7045363233
6.41649235814
14.4928689074
23.107006218
-0.804051926478
-1.09269382915
-1.76972411027
4.93858719365
-0.137677849656
10.9140802014
14.5364958517
17.2608669629
8.70968128065
2.26272627554
19.5853828564
25.2840877127
1.4825964063
3.59546943843
12.1025277843
24.6623177535
-1.56609559786
21.3247791901
25.5462706212
0.351551970058
15.1128434067
0.610635498962
20.3876158549
5.01845750616
3.81187448477
8.91923505478
20.7031591976
9.02287843395
23.2152752497
24.1974628847
10.6501919564
21.7275529209
3.79844565366
16.8464990733
-2.67768272191
-1.10349586453
19.1955423868
8.01487393156
-0.759874118616
15.916833063
-0.511473745981
4.40537246907
-0.93965920313
11.1633117745
12.1941669979
1.5580247506
12.1342071158
2.05893986327
3.15764156632
16.3515563513
13.6722194712
0.69561052996
-0.214772362739
1.50250614395
24.0867160517
15.1486622503
3.32308322479
14.7463852245
1.16591772632
1.16610198628
15.8961677525
8.90007194931
0.200683580371
6.59979881143
-5.04238535106
3.13421792209
2.91670827552
12.4913787027
16.8823576119
15.182085451
-1.08089084402
19.8291321863
1.81666781123
1.30355937252
3.41904331853
6.4413208907
21.3857545159
7.72276140237
11.7410095616
2.36345285958
18.7268138171
21.0342845613
4.17482564294
18.434345448
12.0743133448
19.5799881591
19.5214455711
20.8997921726
16.1494726656
-1.37295518823
7.43051740094
3.84739733109
-0.0839917475904
-2.18768852796
18.3343216562
20.8327862646
14.5615587438
25.37649238
1.17145063885
8.25226260373
16.9910645546
13.3025502433
4.18951041236
16.4440499597
19.4753244705
19.9943299808
-0.805421018903
9.59894840628
17.7389645241
2.19857560944
24.0849839211
-1.29216695171
16.1182436066
7.18278997137
21.8520628204
6.44399633252
-3.49235304825
12.803300354
14.856819562
-2.06902401485
3.35194875894
19.983772659
15.7848378198
16.5864523242
22.066822956
1.57105524788
6.81033731182
19.3573398336
7.40280152246
1.27545346287
11.4552677087
15.3014379344
4.04260388481
5.25339123185
16.0545062263
15.3893504556
29.512119907
1.90052125124
6.9916835891
13.3153099291
12.3435425756
15.6894015334
-0.837099771156
14.3482330533
1.56379929057
17.4974310452
7.92386870389
10.2725366214
21.911120101
3.18156991052
2.3236903339
12.0071538068
15.5222234439
9.57530084338
6.52175357669
15.1101241104
15.5841142859
11.0703219322
23.0009221446
5.29552796783
21.6004973809
22.4207585273
16.2662877182
-1.27323873152
2.76153020345
4.60280290601
17.8583858709
5.88762557449
14.3551701308
20.9095163508
20.7144306035
15.5789965693
9.54692134403
9.86915190929
-0.458968044924
16.183113461
16.3566477575
10.3940361918
3.15804592632
9.66652576108
19.6209124227
18.1012392175
20.8916631858
0.898567912466
21.7310972006
16.2424928063
-1.3738669218
27.8657408462
22.7098788418
1.55943971534
20.1550665722
-1.14696319316
1.65753775891
4.90472046971
30.7193194551
6.40002725863
-0.471702460919
3.88052989926
17.7516708248
19.6257735908
18.4696470736
18.1539851047
21.8126264804
20.5158332998
-1.17278258587
10.1289580781
6.49471231782
20.6897903872
0.195965093992
21.7670415208
2.00270238581
3.12971742992
4.56912402572
8.70843031896
8.79854324931
-0.222962960033
6.88081379752
14.5747874835
27.2646765108
13.6598154395
7.55414091765
5.10365766812
3.74529025609
17.765964504
1.90630155813
4.69227713742
24.7427002604
22.4616717952
6.18192497937
20.1239245134
4.74181890068
5.74881273849
3.99526946774
1.46246993405
20.9870052883
14.8534138699
12.0046380495
14.6316184051
-4.21966325373
-2.86709752377
13.5042509336
5.53071516044
18.8976573629
10.0513928571
-3.01984185823
2.78325060275
15.6185592047
8.55439806838
13.4328636119
17.3631600455
16.4053288835
17.3210850126
10.0165673257
22.1085343075
13.6516031378
0.250794353973
0.958147869382
22.8119927554
9.09787318178
6.20525428423
11.981048685
4.73580769597
9.55457488043
12.3698802263
-2.474508822
19.9296874401
19.8274297884
-0.297654745825
17.2885216274
21.0705020918
25.4955228186
0.750502187018
2.62621115506
4.35669782574
1.24137268288
23.7763342355
15.9994783511
18.7735062042
20.5246626328
-3.60821447659
4.24667238131
23.8353340159
-0.0642588642915
2.74920168774
12.6857575031
11.5674823775
7.67938828929
21.3604899701
16.8642501013
15.2537582918
24.6500545956
5.72027031787
6.62272429024
4.37183388755
20.6290986717
1.40915878857
1.2116975867
30.6919952372
4.48005765178
13.6097891618
4.9647178905
9.36989320339
8.32460155899
27.4309109943
1.94959265716
3.88219979088
6.45575847261
1.35089583833
-1.62932167354
3.93001851788
17.4329013328
2.83812827361
22.8040465884
1.04441857305
15.267219713
7.72095453375
27.8980222694
21.2278479106
28.2470934151
26.0685868989
12.5173193611
14.6831991961
9.01479770797
12.2139079969
4.97931346598
8.41283235792
14.0584555109
28.2307405205
1.62861024966
27.7348115362
0.163949284936
17.3973363079
-3.02165754286
22.3157707777
19.0337869554
29.6332036955
2.12445091785
16.1110444284
-1.11711062616
20.3623277939
5.71400095379
22.9302753652
5.04068045972
6.57240674479
5.00975581403
14.5340056555
-3.47592128789
9.96601719294
5.21577891775
-4.37616889769
3.62801380738
8.56758923251
-0.67091852939
2.47927441154
2.69343189018
8.71896840103
7.58107775473
13.9218539256
0.674068098945
4.40414775123
0.60941936894
4.89892240502
5.1636923241
17.7948293154
-0.260258452419
11.0635322828
10.7839171821
2.15235420046
25.290792292
0.461742692732
9.73100278086
12.5560658608
4.1666737597
5.74672852882
21.6275133926
-0.880901525041
13.712198264
