73.9527078907
47.1558369968
42.1745285723
54.4615378435
51.0160371443
61.2000089958
52.2367566294
52.1789743662
44.469651047
49.9959605552
76.7051959135
50.5658741301
68.7109474989
74.6286013676
72.2831792898
48.4220233064
46.6897212583
41.8682556673
41.5768924703
48.009232391
79.9417361091
54.9114791331
70.4204109572
58.9389777073
60.3886122327
77.8015366876
44.3778659337
58.6037264306
45.662210396
61.5339504863
51.95994626
61.5098087768
66.625101513
54.5731520227
64.9207447734
65.7089954098
56.7992728039
56.1296973604
55.6168130439
56.2475808989
43.1866442156
42.2732480565
43.1332363453
67.8271124256
41.1663584362
59.9796967892
45.3053727098
41.2302253418
65.5795771326
57.8399259008
78.9842654288
53.1906372949
47.8169929285
67.3618484925
54.0439542907
70.8414445336
71.6719800548
57.754983565
50.7531320503
40.9561768822
54.8533026307
43.9092351862
69.1009019431
58.3777770134
60.8198589924
67.3827617161
57.0116118117
64.1389222925
72.9539643383
58.0748505377
75.5178080413
48.8159814669
44.2729060688
40.4804050252
76.7176559461
65.4626485691
48.7904814935
61.9020973458
76.8319868139
75.0266376833
45.1036861981
52.1461495915
51.811862868
62.7642015057
69.7367851786
53.2006074108
64.3140922949
60.6270141259
76.7920289849
48.0546644474
40.0657903104
42.8693278694
56.8197798606
59.9566948741
62.9500674625
75.2149352792
48.0287986522
56.8471223708
77.2910937416
54.5316319212
40.600166254
75.9890963524
64.6160066767
78.8376827325
64.8648133631
77.4504982506
63.9615868559
45.5711486128
67.1349889296
61.8535618933
40.3617753413
70.9908095968
44.8569801951
60.6957657029
66.6300937537
70.5165136602
77.6351552271
44.9595025768
48.3998295217
54.6147080829
56.0515399894
63.6002184562
79.7565880491
64.4603549419
67.320854036
43.8484517408
57.3608668624
45.166347812
48.6161347639
74.0026378616
54.7995698546
49.1284991742
74.3973060522
58.6300311574
67.1246788434
55.1150390831
68.6573422115
54.600791496
62.0608748918
63.4507480118
44.6155339481
46.3814300201
69.8175291049
58.8936677651
65.2081171279
72.4805476114
42.6400449019
51.996756788
64.9432821447
59.7275014897
71.5687891591
73.5515971048
70.4510668463
44.8596634585
78.789708481
74.5523691169
43.9716222957
53.7062001093
41.4450820955
63.4736351787
71.8954198314
78.7652422834
78.7402100287
43.1611802037
47.3897191212
75.3414293955
69.7805491339
46.6806498181
57.5403723718
60.5062971921
48.6952662807
44.0657372821
49.9585968454
78.6644926917
72.8738602202
57.4046452289
73.1124934439
41.9014795877
70.7941297532
78.6240625221
41.2349253838
63.6358404939
69.9334330906
47.9372216217
58.0906408739
50.1107610839
72.6902584352
78.0344321546
50.4899039898
45.3297499898
46.7148853936
56.4159472268
59.3684849346
45.8436499461
68.7021400382
54.7941656932
46.3418734866
64.1219270641
52.4856614723
76.8871503424
70.76791951
61.6329877215
50.7305702157
69.3212288534
40.2932603419
75.8436217899
48.3682851105
73.6529398616
59.515464965
75.3841622368
59.5226034908
59.7804220699
48.3768060718
50.4875254433
64.9380505598
58.2072289633
76.3539363546
62.1996938363
68.1239550439
48.2077981797
50.5790521695
56.6789336259
41.044954914
68.3611168826
56.7911307816
40.8017059506
67.116048709
54.597550371
49.0139815781
60.3600401109
45.7772097594
77.6414159015
40.6374573461
69.1157399371
74.3414447835
74.9106082197
61.1362617617
56.3364310939
69.7019430089
72.0167901629
50.7793014867
50.5674482159
49.910510403
74.4051726752
77.9019856358
46.1604533872
77.815573147
60.1327833555
52.8935836942
70.3982747843
77.0191454464
50.4206978694
43.3033614288
42.141124382
72.205054528
52.469148423
