-13.3333333333
-13.3333333333
13.3333333333
13.3333333333
13.3333333333
13.3333333333
13.3333333333
13.3333333333
13.3333333333
13.3333333333
-13.3333333333
-13.3333333333
13.3333333333
13.3333333333
13.3333333333
13.3333333333
13.3333333333
13.3333333333
13.3333333333
13.3333333333
-13.3333333333
-13.3333333333
13.3333333333
13.3333333333
13.3333333333
13.3333333333
13.3333333333
13.3333333333
13.3333333333
13.3333333333
-13.3333333333
-13.3333333333
13.3333333333
13.3333333333
13.3333333333
13.3333333333
13.3333333333
13.3333333333
13.3333333333
13.3333333333
-13.3333333333
-13.3333333333
13.3333333333
13.3333333333
13.3333333333
13.3333333333
13.3333333333
13.3333333333
13.3333333333
13.3333333333
-13.3333333333
-13.3333333333
13.3333333333
13.3333333333
13.3333333333
13.3333333333
13.3333333333
13.3333333333
13.3333333333
13.3333333333
