73.9527078907
56.5870043962
50.6094342867
54.4615378435
51.0160371443
61.2000089958
52.2367566294
52.1789743662
53.3635812564
49.9959605552
76.7051959135
50.5658741301
68.7109474989
74.6286013676
72.2831792898
58.1064279676
46.6897212583
50.2419068007
49.8922709644
48.009232391
79.9417361091
54.9114791331
70.4204109572
58.9389777073
72.4663346792
77.8015366876
44.3778659337
58.6037264306
45.662210396
61.5339504863
51.95994626
73.8117705321
66.625101513
65.4877824273
77.9048937281
65.7089954098
56.7992728039
56.1296973604
55.6168130439
56.2475808989
51.8239730587
42.2732480565
43.1332363453
67.8271124256
41.1663584362
59.9796967892
45.3053727098
49.4762704102
