84.4129478186
64.3636191116
48.1366436797
74.500140653
55.7400314618
69.7688399339
57.1301259169
59.356595523
60.8602377324
68.4577692043
105.333781512
69.1489423999
94.2197899546
81.6989382928
82.4180684293
66.0601985467
53.6435754707
57.8467043874
46.8792333323
66.6989429805
87.5342978816
62.2453564773
77.1898860237
67.7304928527
82.8658397784
107.314827326
61.6982963458
81.3779838855
63.4677067374
66.6278413834
58.6473659515
83.5815563204
76.1309456075
74.7762369644
74.4716872186
90.2070072728
62.3478481206
64.1141645191
61.0531540378
64.2095756083
59.2116608725
57.9440339448
59.0266207003
93.1345731893
56.294386415
65.755201312
51.5864127656
56.3909795138
74.8701883387
79.2279733758
90.6973065528
72.805960008
52.3875350213
77.0545153684
59.2854860842
80.9630416577
98.5882604616
79.2928323264
69.4920370991
55.9082603619
75.1213000287
47.9814343279
78.9857835095
80.0890582335
