18.8223188122
25.0518613497
17.8613251433
20.0952927191
29.6569089426
-10.1933908562
6.65222674671
-8.94474594201
-6.61504755164
10.6401245799
-1.29153616413
39.3503551959
-1.66333614521
36.0456339759
3.47292928847
41.8551911418
-5.91621944677
-3.25640067111
-3.36268408521
-0.370886610405
-8.63137201194
23.5664449586
4.09022092243
-1.99253434392
32.2368192293
35.7281332714
13.891767983
0.308461460194
16.2305530581
3.58720116388
28.4579748464
16.6714865915
25.1031164389
13.2843194667
7.20380553601
21.8955446657
5.12936950138
-7.47121871584
23.4695895855
-1.54009809281
-7.51042898141
9.83673827687
-4.33497094912
24.5648270271
-2.80943517743
0.70216685732
13.0796374212
27.4745765235
25.589136613
6.8232374377
5.72492103643
-10.2749651464
1.76313369467
4.13499329603
27.1841279451
22.8065099027
21.9183532055
6.89441316967
22.2320196187
8.77336296367
-1.70952625218
50.6033252359
37.3447553129
33.7155310441
0.523171068407
14.2049012435
-5.65886452679
-0.492691000241
20.7959667145
3.06183654191
12.1678944512
12.2533157812
-5.74624691638
9.64513550389
35.2006158725
23.8797048868
23.1156852699
31.6186893755
34.9434122123
-2.10319356568
20.6489125897
-3.7701954585
27.2259098238
16.7103445878
31.5188533032
12.0884801774
-8.90701586212
20.9966302985
-10.0590349635
-8.41158633413
31.4291935428
-1.87672020001
29.5291391621
8.48293166186
31.6409163161
16.7914051233
19.1046074513
7.30157825591
-3.5954428474
-5.97508610486
28.9531430613
27.9021811649
5.97804986875
28.5195014197
20.8693762804
22.9637213603
16.2145801399
31.3290045744
9.43532524953
-6.68055800728
49.9222872848
40.3137097616
3.58703069326
-1.66905313892
19.6543836605
-5.07292744773
17.9973932588
4.5927849751
53.7348154006
53.4210627416
10.5181859858
-0.587544070427
-6.26063322727
21.1514337459
19.7279735172
-9.3155018295
-6.83788676157
-9.31539340229
20.2943355084
6.54878536543
-6.50131846434
9.15235573865
17.2842094086
15.4190199247
23.9543048734
24.4455260764
19.0217952104
8.088936907
0.494492213993
-0.84470436581
24.9017010345
4.8000145568
15.5270135252
9.1235698483
10.0389995391
19.825701399
17.0529759605
30.2100318521
5.86797311749
30.3785603568
