0.548081992708
1.15833877197
2.00213439423
0.488193878533
1.15601849827
0.496281339069
2.1238876281
0.512235907636
2.11045424816
0.728815816147
0.259469934722
0.0247337075477
1.8987477099
1.93967523623
1.5290838299
0.396831586779
0.769277073224
1.37577113555
2.26889369767
0.99288226758
0.694252151834
0.369920029913
0.444040696183
1.16927211141
1.20968178465
0.536862395511
1.94052942501
0.169447751759
1.51634049472
1.10909363387
0.368696551562
1.09284359551
1.6346192377
0.93051073022
1.56495562259
0.425115019461
0.324730494672
0.521750133809
1.97283900022
1.77832355344
0.0792030685601
1.58318199916
1.9893637005
2.24807159528
2.05869430343
0.767710593807
0.982287311021
1.00792766927
1.95355245485
0.838562829557
1.40481146651
0.0518972248194
0.531715975195
0.735959576294
1.83418701007
1.51842953846
0.899075408205
0.160648515085
2.01534618849
1.9520861749
0.771412027053
0.019175066539
1.92616075149
1.88576983622
1.26914645392
2.27954648522
0.317869061723
1.9784430831
2.10869729714
0.662206049548
1.37878335567
1.55507976278
0.490507266083
1.55097100762
1.53571056941
0.00576126363585
2.23238209121
1.89124855979
1.58841207161
0.590184976818
1.69561868628
1.20841029782
0.12701690366
0.337328432359
2.18857484458
2.15727816222
0.443524739874
1.71632432894
1.26806503144
1.95455663911
0.407632421015
1.78780041001
0.099926335145
0.457146500715
2.03551135068
1.15849138401
0.786661329751
0.380020326505
1.45169789624
1.82626563669
2.12603494583
1.50258549656
1.02197190441
1.73238210909
1.40606216817
2.13857706882
0.149844466126
0.384723868957
0.604167254113
0.0881991674001
1.91382539445
1.22048643463
0.0525662630733
2.00573861126
1.69321673239
0.267508363322
1.30074433777
1.15826175048
0.249015401183
1.37682090996
2.03366334778
0.44993787109
0.167376466258
1.9108561146
1.11635247661
2.07697695622
1.66252432846
0.483689690468
0.428074532513
0.490013609335
0.45597201019
1.85657649747
1.14672387336
0.526117043984
1.78954275742
0.596304038337
1.37226290368
1.94698580156
1.47122247038
1.77621807952
0.908238629294
2.27563804028
1.70664468112
1.90545190613
1.65755686421
0.420012618545
2.16177252729
1.88794943207
0.927014587023
0.944142633632
1.00859098099
0.545683622121
1.54831730868
1.54081077973
2.18238021828
1.6162953449
0.591755300848
0.978436036038
1.09570881384
0.957898340966
1.3043531793
2.204056451
0.0227456807046
0.687632922186
0.156753265203
0.463186921012
0.566689651734
1.99484015856
0.0936813779303
0.169582313518
1.9358986422
0.803729919358
0.171897937281
0.0507850663887
0.305503984499
0.461095448244
1.35990255269
0.0704102616323
0.118656804282
1.98556654915
0.447122479665
1.88702935908
0.486919516728
1.12023881639
2.32455802498
1.35996751335
1.77977446977
1.46896943204
0.773524470524
1.0067880274
0.162177419485
0.0767830828914
1.12942170655
1.64752714013
1.01505566077
1.15482289564
2.08569635147
1.34601755151
0.191604839447
1.33750396155
0.416688420976
1.70851988589
0.782103385099
0.562694394158
1.23366937912
0.353334132418
1.83834359857
1.10001549381
0.41521564279
0.0659423912738
0.798524385164
1.71192405733
0.703434424819
2.03437891106
0.915170303686
1.21737202746
0.975911070647
0.753793934886
1.33141731578
2.06870583437
2.07535536647
1.48312551087
1.82919845846
0.838692083866
2.25287791838
1.9740249027
0.391305584538
0.949512659414
1.52376208057
0.767421486932
1.3052245037
0.391424061832
0.163467430534
1.47642954604
0.0132627388994
1.46089843028
0.628084295983
1.15008994939
1.36055787205
0.888812558843
1.11185883485
0.795780861484
0.595053203094
0.789714370291
0.141174003565
2.30760317242
1.30409683212
1.65324810871
1.70642938844
0.0320981131192
1.92856387561
1.42352043441
2.04102018133
0.58417899461
0.703324571137
1.48501727562
1.63972177494
2.04679028984
2.01969775351
1.55618243249
0.349426785589
2.24903097754
1.27646671224
1.43615466958
0.226542068048
1.46861981983
0.058624446019
2.12837543108
1.41068920685
0.246229505205
2.20060274014
1.84636493539
0.534284601022
1.85049482205
1.31234942698
2.20467632516
1.83428109146
1.47455454447
1.31628634057
0.190653801217
0.727895071837
0.0790865468758
2.25846086476
2.26744707654
1.76071028142
0.469243054234
2.10308040112
1.52190453006
1.46013196483
0.377637620769
0.118927612032
1.19631860483
0.332570419562
2.27136218993
1.77112188657
2.21451991451
1.47374621448
0.185555944621
2.0565812124
2.22861711853
0.691090282382
1.20488028277
2.18373678693
1.6875856054
0.873915250343
1.92436863678
0.117176656791
1.22919112974
0.426342101995
1.63487742207
2.31821419197
1.01297721445
1.50648588146
1.45054259378
1.98067495246
2.00552831288
1.21722898812
1.31856293937
0.280719465548
1.45137856914
1.57273194033
2.27066049554
1.9485407977
0.347878796849
1.97674442959
1.53868573248
2.07316894308
2.00722350578
1.99462959975
0.466487380455
1.8734492109
2.21435127336
2.24897582311
0.418826486243
1.0386080848
1.82503238273
1.71076768656
0.702834760192
2.16000785721
1.16541329507
0.612343221269
1.41374371236
2.29654338482
2.00326730819
0.527120825952
1.64904686617
1.47181982091
0.0471806621748
0.183851138172
1.46835593689
1.65072509765
2.32441581817
1.15499581223
1.49426258139
0.753831733723
1.62304078802
0.467419634702
0.455359893664
2.00378385322
0.889405684429
2.20682052479
2.10421576522
0.387517549188
1.59964716786
1.22678463275
0.59806662469
0.0628798655319
2.08503588849
1.00601056452
2.32058831913
0.623279066749
2.2775172781
1.75356174253
0.375965998676
0.0750826611252
1.88911815241
2.1457365511
0.869671393641
1.94242378249
1.6167761886
1.12307861601
1.2079504815
0.362624694651
1.82114829239
2.16798062214
0.255087530667
1.22293204084
0.620310917122
0.911442079716
1.21451527323
0.400844177978
1.83923330697
2.21766816847
1.29719405208
0.380905001406
0.562757734028
0.246647139324
0.977201417915
2.0301230334
0.421964826144
2.07139570494
2.24326197638
1.43951800187
0.774018821889
1.71635522762
2.02174307296
0.193908194255
0.228234871488
1.65160006659
2.20495367139
0.760002138484
1.99784505472
1.51684058077
0.835991425517
1.04453668031
1.61755334981
0.167275890081
0.466499361369
1.33455358774
1.20719240716
0.874915542693
1.91464188937
0.473782998381
1.91593679362
1.58555921598
0.510258381879
1.31584376333
0.698870174328
0.372874244167
1.65017399039
0.846488700214
1.60053043227
1.87046488935
2.30145274088
2.17480704712
0.715057815735
1.84199106276
2.14502208526
1.89929558408
0.363489206378
0.176679671925
1.58552800337
1.32327664939
0.228659701509
1.12275131795
1.636814535
0.592503731892
1.48191679632
2.23647484331
1.54844189519
0.447685074841
1.9532597682
1.38553333446
1.83757747155
1.43327417591
2.23867676039
0.783651824706
1.75708772984
1.11509150291
0.948352197804
1.75309978982
0.257191027534
1.67243357023
1.16131115999
0.0357532910358
1.70842158293
0.29599021079
0.00244606395183
0.929144997477
1.94684586264
1.35992636426
2.19592100539
0.84051386658
0.659034901444
1.16322180259
1.21974758058
1.52176087304
1.22476438156
1.08492595115
1.64249226244
1.02054977661
0.490898021536
0.799957935991
0.813054467815
1.40287508715
0.573619595567
0.146605100028
1.34809616153
1.80385318244
2.04104982903
0.12880810416
2.30180646496
0.221529978754
1.13375532733
2.13901529066
1.64313894926
0.95717350386
1.2892127635
0.433626109575
1.52469898577
2.09239683383
1.74303881467
1.83267369009
1.30499101655
0.902733030145
1.31365858144
0.0755139679023
1.57349373947
2.12060109715
1.06331330549
0.272147713902
1.19360095948
0.394474361108
1.72655272443
0.335773339918
2.0740071692
0.35762573528
1.04983137768
0.377576403563
0.0887224904677
2.21187129151
0.950801287873
0.798453487137
0.727564002383
0.89662565186
0.79070350046
1.08840050823
1.52258149901
1.79273663476
0.124961794391
0.200327633961
1.58730498829
0.547918924728
0.608594176855
0.213233626829
2.05885595917
0.10473051791
1.46941786854
1.64252842265
0.0592616344153
1.02238690704
1.05185850726
1.4824657996
0.0188747532614
1.29709796803
2.1323581584
2.10402303534
0.826203283311
2.02557650116
1.3877875267
1.28835882479
1.14384658653
0.798302215903
1.75536128921
1.45145357137
0.712082885041
0.706195379725
0.612300512034
0.705093989484
1.35668028609
1.53481528369
0.673133388314
1.30168035431
1.87488820944
1.13419725869
1.11147012005
0.421473531418
2.10313710598
0.0246164915913
1.9622758474
1.97869355251
1.35674466059
2.06172191956
0.73919833397
0.801592698361
1.19902184465
0.920654456491
1.27831903207
2.04007834516
1.24979210381
1.43530352447
1.68215337278
0.216391694074
2.16394763195
1.53906232656
1.25349466651
2.23088346741
0.346108644982
0.769236435063
0.0208941764833
0.966075288138
1.61083522822
0.457387820707
1.85722505875
2.06839234348
0.415241888332
0.885236536978
1.47924813274
0.481463549597
0.00216856826158
0.265687696187
2.18898894839
0.258639005663
0.523452612742
0.837129459136
1.84116249112
1.44404653392
0.0858296802414
1.73633200396
1.46139017221
0.135031959641
1.44147010001
1.17337603438
0.957565412631
0.823305592176
1.53639527011
1.6385609335
1.67789969694
1.78615600134
2.27892476086
0.873084054937
1.1502339351
0.994598448442
0.211496351645
1.52897723641
1.37776103171
1.87336759381
0.732019849569
1.06469861434
0.795261758093
1.78628809007
0.893739065239
0.103559795727
0.25844522832
0.762639080856
1.59378266538
0.207123007223
0.627749158635
2.11120235536
1.21918685109
1.57684748341
1.51122579558
0.863906406351
2.30096869759
1.82270197293
1.23271881255
1.1599900453
1.74960964262
0.405494115507
1.00469308671
1.70657621585
1.41089512042
0.492284104772
0.843939118483
0.501150597708
1.32752807005
1.57638078612
0.816132455848
0.972925589948
1.31729556924
0.943281980843
1.32750424682
0.251294673445
0.935744860555
2.03326015188
1.70450857329
0.335721855667
0.443030519395
0.353219508568
0.520812913323
0.87151991913
2.15283357197
1.80850605763
1.47278200275
0.764075817681
0.149682723609
0.329842715253
1.10595492693
2.19012681461
2.14606270399
1.9639672387
0.172583549412
0.0736379180772
2.29555805849
0.274480341745
0.0841285944338
1.50241421691
1.47600382879
0.938031222258
0.901342265443
1.72587394273
1.23643019426
0.144793319727
0.517662841216
1.69468655343
0.917490992385
1.98658359564
0.502459555974
1.61959036063
2.3264143913
0.0628734445296
1.73674005553
1.38921893598
1.93821808126
0.233408712421
0.469944607839
1.40283497848
0.95697706644
1.12335904396
0.179791983015
0.535933522466
1.59382505235
0.914816474426
0.226448061569
1.51280746519
1.93312018515
0.887091722388
1.2675063265
1.56627392429
1.11535009509
0.0509168783818
0.68782516626
1.57433949795
1.16354082083
1.99464668495
0.892749102738
1.12594274837
1.89565286068
1.48600486183
0.040068741797
1.98266001144
1.25184762556
0.720089145339
2.24408893172
0.721397205038
1.46327177229
2.10794367981
1.74156397057
0.109861622105
0.881785837743
2.19106260207
1.80164351184
0.299172862766
0.372979431627
0.140734889124
1.34403333509
0.504487030112
0.232233289222
2.06908955112
0.572337860012
0.266001669992
1.47910036488
0.157318945499
1.93227733194
0.0406694984972
2.08206126668
1.85384740693
0.941282653231
1.21386466973
1.35100037791
0.0666550086654
0.0838016872772
0.0339619947478
0.387211108031
0.142480778818
0.134594546679
0.548577037526
1.93300519359
0.457208394858
2.27130779574
0.197243935553
1.228600104
1.03108460583
2.16551605538
0.160420302767
2.28982104868
0.960924596245
1.51902784034
0.512716557784
1.94167160061
1.52800455805
0.587777360364
0.496307098137
1.85389478071
0.187675120641
0.0740501026478
1.26261363609
1.60472267067
1.2520612703
2.15857524953
2.04783078844
0.142050660442
1.19634659892
1.09262513572
1.02679195415
0.41169645322
1.04875059597
1.654897209
1.64120822912
0.248485707941
2.09471191208
1.27162483523
1.68612683934
0.607875007886
2.17908720177
0.751883541722
1.69696747215
2.27833313684
0.24218684105
1.17538834055
1.37743413108
0.228413148358
1.06529699977
0.795694185636
1.89847504343
0.147879261552
2.21357596769
1.29395355397
0.218964677898
2.13959156838
1.47231131706
0.810093732462
1.56591847497
2.1743808531
0.966919990151
1.7187464533
0.660202864142
1.14178987612
1.33595817769
1.40754933592
1.40367034023
1.73535801175
0.478140492722
1.66032560194
1.55801306496
1.83486984214
0.954493444402
0.409106640461
0.372963904069
0.0916945231061
0.26121786234
2.14634233503
1.40520253471
0.121168342878
0.364813233129
0.558117857095
0.21845251649
0.757788903162
2.13670257279
1.65125507277
0.970737509122
1.34023253771
1.23555225599
1.04773302624
0.552494829427
0.183840247129
2.29736952562
1.13426771247
1.83077646719
0.486313806465
0.596660778477
1.38922441816
2.28981777979
1.78747712934
2.06513187153
0.432518250475
1.40457515111
1.21272286612
1.20247916895
2.20891090448
1.29797754628
2.2495383597
0.131881055583
0.650249464952
1.09912686752
0.46241610244
1.19498553671
0.386236239066
0.489407004166
1.51911054854
1.74136471471
0.408623765528
0.358722412942
0.562488984389
0.237383144647
0.835709628715
0.82120479039
2.13273226066
1.9473037211
2.15008533829
1.47497110238
0.454356986632
0.107650373153
0.999227754918
1.83777222
1.76634780234
1.86074373706
0.947291068245
1.85966784137
0.601364987321
0.456371649951
1.75701926756
0.757402261503
2.069727753
1.26607296825
0.943155227393
1.00824809403
1.55809460423
0.447008535597
2.25294343251
0.651666665674
1.82065648125
1.20814662186
2.17159042466
1.02007891269
0.0427818223803
1.13778106361
0.613921281325
1.2703995578
1.46369580874
1.93223689806
1.8783055808
1.73464390429
0.5606561635
0.734228136998
0.604184419071
1.56198911497
1.46798545714
1.16702270447
1.44875874965
0.470225126354
1.3422801136
0.188874225777
1.39496524166
1.51170340677
1.44816331178
1.50839379005
2.17481955265
0.592438253647
1.77760531579
0.520602642269
1.26811809023
0.0995344424242
0.362838509557
1.01577297542
1.63502966921
1.23286343141
0.305551271553
1.2688931243
0.0648724963652
0.903614501428
1.2910033228
0.887820055835
1.81930772361
0.473712666339
1.42785449064
0.544523130671
0.505505705279
0.352761251237
1.04720174192
1.9339025165
2.26833535806
0.865175142407
0.509220361277
1.19557804273
1.56077508779
0.975278129463
1.77680194155
2.02310312956
0.150663569164
1.67016186197
0.590176339589
1.06034256716
1.95961972001
0.946468467715
1.72112703714
1.09823598875
1.73409444558
2.10621489907
1.67548939889
0.658377121274
1.13794004317
1.63260392628
1.31040561404
1.95331564969
2.03928086301
0.346813734877
1.06218433073
0.678325157702
1.27325497426
0.816404177802
0.833685687354
1.8522346704
1.74815213306
1.07124096047
0.918491476902
1.73412847836
1.13573803226
0.444545160394
1.97505337153
0.824892003334
1.16090630141
1.44536065556
1.52886109751
1.93484194853
1.0388669399
0.664822910882
0.520681688947
1.56011695413
0.764698995326
1.89017268682
0.915828558938
0.288641541181
1.17666223337
0.857873104471
0.268371404633
1.31253815008
1.11859101353
0.141769348616
0.504318331249
1.54328899694
0.379825875892
0.281335650538
1.75230937955
2.14892481241
1.37403512207
0.461456275239
1.00804510348
1.44590622599
0.843181462474
0.0725261990286
1.00381415135
1.15651016941
1.56136901655
1.58127044057
2.0336029533
0.347032089706
0.780313463387
0.255180199595
1.73503993791
1.18849341635
1.30989208511
1.03551868175
1.24150964762
0.6635148294
0.00543201501448
0.554265873056
0.705366664248
2.00683382544
0.102775854415
2.28327707231
2.1018655862
1.47082973464
1.68601509284
1.18489160659
1.45774551995
1.09044023662
0.294789835576
1.55152268061
0.295157426
0.389151422405
1.45259114479
1.14026895031
0.343227771596
0.688250739689
0.323354424163
0.291071016285
1.15601296021
0.122728290724
0.636801277729
0.709193772696
2.1428486629
2.21533786675
1.4991241272
1.8209180834
0.7770623286
0.733380529769
1.27296218089
0.980808421527
2.17941316597
1.5612990472
0.763642962746
1.74152892962
0.20616247068
0.32943839646
2.27685930301
0.460518313053
0.566842673251
0.483537384696
0.919323811658
1.70367264822
1.20766008484
0.537426495887
1.12434564713
0.575004721049
0.97005706766
1.5966670082
0.514301665034
1.91697848263
0.110117900526
2.00408025267
1.15966114907
2.05148004526
2.19601252874
2.2971293611
0.821883986661
0.0214037734609
1.02563089965
1.58335037065
2.06317324444
1.54851983449
0.27445878757
0.485694483709
0.595549065094
0.291858172396
1.33149194597
0.664574572869
0.686981752203
0.610452440607
0.532205775309
1.59333732814
2.22518796243
1.87328612685
1.3330395893
0.699282251113
1.3882361061
0.268983866555
0.24310597687
0.833619743444
0.366198907089
0.530922851879
0.558964348561
1.00674507919
0.212268658295
1.71971243973
0.513833526812
1.52415178323
0.742986329693
2.23992292019
2.20744002809
1.65112408828
1.29429759284
1.27396257688
2.09350230178
1.44099063478
2.12481029075
1.24150250722
1.72731338963
1.73064829351
2.18547743535
0.227956281715
1.45684147414
2.2899150218
0.195727976061
2.19897075782
0.161396041186
1.28022154469
0.0351731920622
0.953698891586
1.93761546061
2.06578732605
2.25682673817
0.144612737311
0.372733435851
1.5548879139
0.198786241104
0.406475879334
1.13321973315
0.0135415796172
2.06562611025
0.689218263516
1.42029818323
0.496211119198
0.656883016034
0.342076771995
0.76620112721
1.06844384685
1.35827472782
1.16665138631
1.03805485536
1.21847973058
0.0317707601972
1.3320907921
0.704061374007
1.29347218159
1.2173812857
1.26936879871
0.250661888484
1.05802994921
2.18312390398
0.0706300692963
0.175430462597
0.111759492273
1.18175211191
0.907952786893
1.17626504271
1.63252408097
1.56705180604
0.350053868464
0.434288956069
1.79205912872
2.07107734705
1.74159742719
1.64525794495
0.135838530404
0.257762172468
1.95043273538
0.788639390531
1.01879934876
1.44428583592
2.11376239307
2.29465527329
0.483763555521
0.0786000852957
0.996150488706
0.691260176678
1.87051910304
0.766055158976
2.19273485439
1.27500503424
1.06437973669
0.563596817297
2.20395092274
1.43105058861
2.14392394521
1.86582173723
2.11433091391
0.0617665260173
1.76712122519
1.09420878337
0.562770934885
0.3423849714
2.07120870452
0.383083633132
0.235609284189
0.632183034928
1.87264033143
1.04535591352
2.27348961896
1.58392095439
1.55961295399
0.911425471264
1.4463546623
1.05200551854
1.22048307804
0.318137510973
1.41727154049
2.23462174136
0.450701362253
0.110837169469
1.24725552858
0.154694031599
0.287384820864
2.29294446466
0.0793205039562
0.269604264758
0.325074225431
1.46772295028
2.14605688575
1.73292899369
1.68076857752
1.49419723495
1.02298173589
1.85705066688
1.42709660396
1.58725393009
0.853463916293
0.526407022961
0.45675539489
1.14254809083
0.452756157297
0.943802566653
0.466103166125
1.90400396656
1.02285468036
0.614149999028
0.808483090332
2.06602601341
2.06901810785
0.547923843164
1.34008942146
1.09379665182
1.81835343279
0.910766389019
1.3698242604
0.878988332604
0.351697709339
1.55500818224
0.357259762801
0.324272091825
1.14577125212
1.78370778131
0.422700011542
1.31862236734
1.62045702401
1.63947151683
1.4365440701
1.85390967119
1.9603374
1.85055763353
1.08517627543
2.22050609112
0.854406315535
0.785232754269
0.457647125706
1.87099678047
0.819381871554
0.688577834832
2.29537621689
0.608993186222
0.70941185891
1.54385622061
0.283107294461
0.940386766663
1.93087132173
0.615755772549
1.8155737387
1.86211499291
0.907329458279
1.83354196384
1.00431523849
0.153537560122
1.78366535204
1.20066619899
0.814119743865
1.91444609095
2.09827887937
0.882037390293
0.563830948993
1.47642094527
1.37828242498
0.957923761498
0.443800291923
1.46305005223
2.00627557577
0.262084938087
0.602058609282
1.58646727411
2.28179594425
1.49057885752
0.456040308183
0.0850726701977
0.786690755935
1.71239215847
0.536220977355
1.97988172743
0.783140831376
1.77477624063
0.916754938728
0.0733272763436
2.2848305787
2.13165216993
1.98162286716
0.847652545393
0.284927608809
1.1708964202
0.47080994452
1.38179224095
0.837894584591
0.615653437623
0.347798216006
1.38683947599
0.11358523083
0.0744132536447
2.07113301577
1.71177352695
0.820361425034
1.7001759839
1.40059652415
0.539593013034
1.75809573991
0.722319466346
1.53685132187
1.95583687338
1.72365637755
0.134836361554
0.950882289035
1.89907909549
1.71494522798
1.21678354751
1.77693293924
1.82002864644
1.94129370036
1.07206626325
0.353356809751
0.824047123404
1.21650858561
0.763617504597
1.33171924229
1.92503645127
1.5307444967
0.936388520367
0.539693194422
0.0827184429228
2.14251805478
0.984890870762
1.41210498751
1.76409809933
0.368461588192
0.512134729414
0.223346499318
0.9832553884
1.88039194814
1.02809243814
1.30957705714
0.81786654085
2.14062735758
0.41462720433
0.630456991813
0.763840711763
0.553851521855
1.67328637882
1.37825589035
1.85175896145
1.92547365205
2.10852146054
2.29029685734
0.250412999608
0.4266801623
2.23652132054
0.0704866976288
0.679170443968
0.265374055518
1.44318078896
2.26862950529
2.14448402586
0.764221732236
1.03616343122
0.959319230009
0.424111690397
0.0537777228284
1.58483519399
0.270406493567
2.12361608232
2.28256265
1.10649175643
1.05686386091
0.728212872524
1.07830603716
1.68728617264
0.057424536633
0.728580838448
0.595537292617
1.84749872592
1.0547596128
1.4495264737
0.996474844065
1.92987493438
1.33842220829
1.04013485124
0.70536690197
0.267673275527
0.0538371068706
1.43813335926
0.0597376800644
1.60982423159
0.570715162201
0.573823070133
1.82697425904
0.0198057553802
1.98586958165
0.56452024431
1.56792001792
1.33090252879
2.05036833272
0.307214254803
1.90375473972
1.75049629864
0.668218212651
0.838177702283
1.42441642948
1.25600785826
1.03978286852
0.22485303808
2.16243785511
1.21909201103
0.632668475023
1.21017204693
0.831561110894
1.13321650299
0.758753878722
0.649355893324
2.12017387037
1.35474298235
1.22348981764
1.35986779904
0.807809026493
0.0638052561871
1.77524444481
2.03510845277
2.00689100756
0.0940292372766
0.140024722448
0.285779306965
0.666646488204
2.10212774988
1.69373322386
1.8512870753
1.71423966724
1.6604718947
1.14852239545
2.01974550093
1.99330680658
1.09720402836
1.37696100946
2.1360615723
0.59597409294
2.2490331544
1.44420510574
1.41963064105
0.368292321945
1.94335387188
0.477409749209
2.26522474145
1.13957256386
1.19573932466
2.26933188989
0.383204967856
0.351970939984
0.609565080876
1.33600892891
0.415487438177
1.04609292148
0.716671074605
2.08040586806
0.171827041763
0.492302269789
1.30484010903
0.943013280201
0.944968294627
1.93729294643
1.3999680651
1.53599069451
1.43687397525
1.52303075611
2.30289768378
2.0967326326
1.00102319978
0.571341082486
0.909444838753
0.170288184264
0.0918225830639
0.459555042972
1.00919198435
1.23717856072
2.13881047665
1.79386901331
1.96775875879
2.09327214715
2.30564265688
0.557401715024
0.386571798713
0.889671467932
0.827603460704
0.426021790481
0.196361265322
2.05501789823
1.54769394504
0.132462356037
2.16780205797
0.632827044798
0.186908015
0.657585054975
0.324064490498
2.30464938293
0.848633041794
0.330003568663
0.778169445566
1.1400174391
2.10972237126
0.483676445813
1.69961213147
0.588324123467
0.75967818864
0.944236805662
0.813178492847
1.45308719999
1.66784416702
0.224890314842
2.10636019748
2.07374372405
0.237940026536
0.92937163867
1.57696307423
0.766430129769
0.877080193897
1.83407391463
0.298966554723
1.458413679
0.702543839961
1.26723999185
0.685788790532
0.807148379549
1.92606277095
2.23268721015
0.947893467994
1.65621444132
1.43578933629
0.466634961624
2.09001122519
1.92693077178
2.28218122764
2.26736432609
0.315091194755
0.922485093446
0.737816877698
0.227776768585
0.77936051382
0.88838709168
1.12512904303
2.09726113479
0.414168836902
0.518538715654
1.64751436838
2.2707175328
0.796570363268
0.752310039659
0.731249495439
1.40594445103
0.936125308517
1.49493525516
1.15777487349
0.734371808919
0.166361009836
1.52343220187
0.938392451997
0.312449553034
1.23189212821
0.434916424255
0.926224259699
1.97247684394
1.52384606266
0.976933008693
1.82708686729
0.212465009102
0.753107196385
1.11784412694
1.14549042241
1.04831345575
0.780522950907
0.978687071851
0.84282430466
0.308598427582
0.331125310307
1.50386909758
2.28446361259
0.531519165219
0.0488499118069
2.06176839004
1.08715766887
