-79.4118874977
-79.4469576997
83.0916921509
81.0885909218
81.9812958195
80.7348966057
83.0591776016
81.3359902953
80.5587579482
81.9970122182
80.738585985
81.4186393713
-78.7159633934
-76.8378602991
83.1629774808
80.9678330774
80.8539891169
83.8657048871
81.8389554582
80.9885092334
81.8348963091
83.2585246175
83.4805215529
80.7334698998
-77.2662245786
-76.2122219598
81.3129957382
83.7143734755
81.2876050078
82.0954602727
83.6491829541
80.6952660889
80.9322405123
80.6448920934
80.6953482836
81.4119238305
-78.1054305821
-76.8164314269
80.7870511158
83.2195928944
81.550705229
81.9486911415
80.4943285475
83.1819851174
80.7360017894
80.8344661699
81.9119016793
82.618221777
-77.0455126444
-77.4977690736
81.3040313515
80.4698787314
83.3735138633
83.0123940155
80.5137675316
80.7547439005
82.3267501137
80.7082825582
80.6250383847
83.3687728641
-78.4175770235
-78.6442085366
81.0575881032
80.7752538632
81.6981247418
80.7218449107
84.0432495703
81.5832378726
82.677975352
82.7760051352
82.2908968797
82.5386081442
-77.4661421417
-76.7900458918
84.5036903436
83.2236232963
81.4061278202
82.3120259232
83.0450251669
80.8908801814
83.1571660627
81.5651917885
82.2934896227
81.4431940725
