-14.0275035154
1.73056321393
-17.1116737221
-4.89399073722
-11.3649761737
53.8584014763
-15.5066049512
-13.5546015886
57.4784975728
-15.8849497208
-8.66818413173
11.9442094745
-9.32344060614
27.6302246807
4.973888205
6.0800498834
-0.0689602884971
31.4022964645
-0.809654204527
29.4294804232
-35.2908582837
-21.5690243746
-26.0511245361
-23.6060885713
-19.2097990769
-30.7019483202
-27.7981354152
-26.5026532554
-21.2702020867
-36.3484390705
-0.744392714859
12.3916248351
65.4882513322
-5.2300630385
-5.77456741533
-5.10796928791
-5.57800491003
14.1858745688
7.81560167148
11.9399162728
-7.95598934822
-7.0355347342
-0.451339405348
-12.0770788734
-8.75117746447
-13.3728495764
-2.51398737867
-5.23530645717
5.27230314157
1.32212267471
-20.6830959489
-32.1600704823
-25.3901250366
-24.0999138597
-3.83771073745
-30.2512544282
-30.7504794533
-30.9973561588
-17.5941159712
-21.7444200117
60.255653602
32.2166048699
24.6169073741
43.7971800688
19.9596287204
23.9023134305
67.7369186717
17.2375276284
63.1371743795
15.3171625033
-1.6756493581
2.86231494896
5.37622688667
-0.39105293362
3.10355147506
-1.26601764354
1.55593166166
15.9028078728
-1.86171750552
25.176032035
-29.6062182929
-19.6881069624
-30.5761390775
-29.947188298
-34.5407506101
-29.0806337406
-20.3930868623
-42.2671274284
-18.9318464309
-18.9274663414
-48.0990624488
-54.8087799332
-19.6998164124
-54.0426100977
-25.2145095385
-34.941264764
-52.2100981592
-50.0541723407
-23.9784610888
-34.3062885969
-4.9558577012
-59.550466206
14.370185515
-38.1116534981
-1.81422405293
46.3734169593
-1.40707540846
-1.56729314339
-1.83216687885
0.308238532652
13.0319080505
11.3344273677
34.0088088073
36.0337240926
19.4982368314
13.5806053733
14.2012950137
10.8388895853
30.1546398079
39.8948479478
-6.02456634348
2.65734673687
5.791770317
-6.38167966814
-3.32004526287
-3.49827761004
-6.98316454316
8.48206628998
5.06553664942
-6.86724785381
-1.77656209874
-9.53622035633
-16.0317952005
-4.98113995877
-11.6248424684
-8.18365111187
-7.20238164355
-6.00415612085
-2.00979249199
-4.85549285084
-6.89003745983
-2.41414713473
-9.55002744219
-10.1299529449
-9.93072209917
-8.2128955525
-8.86523834676
-9.21618330129
-3.07003006679
-20.6418922144
-20.1603169518
-21.3584478064
-21.4431657965
-26.0891583501
-21.1645735901
2.50259534668
-27.9886194854
-25.3317303482
-27.8107009165
-22.1092674983
14.976867363
14.2324933176
-0.615587322773
2.09782965059
13.9528775803
0.660720884327
2.86436093958
-10.4440791759
-5.82195015593
-9.47393263142
-8.0094305067
-0.967884797008
-30.2891523311
-21.1240594529
-10.9041818371
-19.0759702903
-27.7648712551
-19.4210381064
-19.8683051038
-22.9958723818
-38.8801683358
-23.4948184733
-14.9507587506
-38.7850345677
-35.6038217203
-51.0320495985
-20.2820330272
-40.0441806927
9.05194173739
-48.3615826313
0.957214872631
2.86225669872
-0.605541742269
0.950001098622
-4.70719142458
-0.816298938067
0.980431503222
0.898638307212
7.53676228343
3.26877883409
7.34560118801
-4.02523900187
-1.41453317132
1.71568355503
7.56247257018
10.2519204381
-21.4569815819
-21.0495402793
-0.24164909246
-21.5856296498
-27.6950074651
-18.2316615553
-23.7567128854
-25.5904107928
-36.5113907498
-25.6670514711
-34.8187776224
-31.8946384062
-27.3368540653
-27.6885514217
-6.05371584745
-12.63245477
4.93422567554
-4.34714373162
-2.87601817937
-5.53244460694
-29.7108918539
4.70420263886
-2.51039120133
-14.4366846857
-18.1003282464
-36.6316399968
-27.7068615447
-21.9944309491
-17.0193570487
-32.8565581763
-20.2539786924
-18.407995755
-35.2196968157
-19.7327220033
-4.80257572808
4.72690520532
-0.154960915544
55.1817482992
2.88794173255
0.560949248742
86.7555101966
78.2319536268
-1.56406526084
26.008288857
-4.26805297598
-4.5876374531
0.0452986726675
17.389354075
-38.0287996112
-1.81515350198
-5.41602033005
-3.52042572997
-4.49227911193
-5.08724419198
-37.554821219
74.4713203914
99.2657655676
-46.4738574287
-33.0789281475
66.8412614947
-71.0076512992
-39.4070197945
-47.2557804571
-41.8448257727
-0.163112322656
13.1181027506
22.0134157139
0.773615886477
1.99901244488
38.33731361
-2.34955203697
5.84333502924
0.0600246504958
40.556739796
-11.1555255645
-0.261240717014
-1.08262967069
-7.12095047548
-6.53469917382
-0.453580610103
-10.1752432042
2.02039455884
1.24478887395
-4.07677975342
-11.2140392088
-7.75568998348
-11.9110919408
-9.71149442714
-7.63063541484
-9.6580003208
5.9402471883
-8.90654798794
-10.7412346369
-8.10604605166
-5.70751571912
-19.0125890535
-20.8227710629
-10.9177963184
24.84389121
-19.6934762237
-19.4329174951
2.91506990062
-23.0665626436
-19.1431985314
-6.3163492623
18.1653773449
-9.79560977005
-0.956338805133
-8.58636427162
-71.7851457938
-12.179770195
-3.26209203172
-5.6366187996
-5.18606152694
-40.894187916
-25.895481775
-37.7996149521
-43.8795735325
-34.3483158123
-31.1119248183
75.3850196203
-41.870387281
-39.9708419858
-31.0847647136
1.75744592021
29.8481847353
-20.9144539385
-17.3156066109
13.7816228832
-25.3343573629
-26.9856250797
-25.8243432693
-23.1482731879
40.3597283577
-5.63206670091
-2.60278878421
-41.98357426
14.7819054447
0.523700565851
-6.83596362057
-5.35855078133
-8.13425119426
-33.3727943981
-9.94671840493
-20.9848075851
-19.369360946
-25.5347821344
-21.8535549508
-25.9953562508
-21.606070581
-22.7199887026
-22.0964380709
-17.7169164745
-28.0078007901
11.8003477677
12.1426771435
30.854325662
3.9361623535
17.0334674795
3.58733324925
0.119357521516
16.3793838889
1.19177156611
2.97939645837
27.907119191
34.8876784365
-8.63704685427
-8.2436632906
-13.1065487865
-12.631155954
35.4777364604
-5.83510843237
-3.75587371323
-8.5129264973
15.0059239501
-13.0549054317
18.554975957
-10.9888209686
-8.90492366133
-9.71035718847
-7.94120567524
-13.3995251825
-7.66551071617
13.5089975202
-21.2419455292
-15.3728220193
-15.5466529314
-19.3116350392
-21.8979948704
-16.1633449911
28.4964751294
-17.2562051687
-25.3188476303
-25.0625709317
-30.91861692
-24.4738836432
-42.4222663939
-7.43097814921
-24.9335780161
-3.01904552461
-4.79551876844
6.48731573143
-8.02672461273
-9.67919089514
-13.75307985
6.60734809477
-15.9759534831
-15.3508981811
-17.3242943895
-18.2546730221
-14.0386818324
-16.9127082601
-14.1925521693
-15.6318232624
-39.6628262135
-29.8138426235
-17.5341871055
-23.0688272733
-30.8072083145
15.4494580142
26.556734768
-38.8199157107
-31.0843997834
-16.5294076046
-6.44323864032
-8.56670180758
62.9261904229
-6.88590400438
-9.79801243186
-4.00817859052
-1.14566584031
-7.01421081177
-5.1734519962
6.43239346767
-10.9694185095
-9.41735383748
-8.70233520868
-8.79865666366
-8.34246026835
-11.0925726316
-10.5335614724
-9.43495477725
-11.4534088489
-8.44797967953
-11.7009140619
-18.4357722379
-25.0688813517
-18.4898184541
-21.5006385509
-4.12098848946
-26.4174466261
-37.4010626052
-34.3475619727
-38.3940696391
91.200044189
-5.72102173329
-4.26297093158
-4.7466239302
-5.4267393226
-6.58580034288
-7.86353573754
30.0575633572
-92.2322398531
-91.4471870687
-18.615453717
-11.9502636482
37.7740121028
-10.5686024299
37.3200538816
-7.41447858322
-12.0641493301
-14.8998707587
-11.6902896602
-15.1988861307
-10.3446729081
4.59656601812
29.3399704129
-11.8808571777
61.5392377435
-11.5714120299
5.18293450983
23.6697528728
-12.582159831
-11.6528582466
-11.8970225186
-4.01943357085
-16.0752169974
-2.81848445149
-4.5843844352
-7.7236072263
-14.1228070039
-12.0672776725
-1.45866984398
-1.92512220659
-4.28855134382
-2.64842890467
4.14039631122
-0.242096523851
-13.3099336172
-10.5042417303
-14.290112123
2.34215529711
50.7236969168
-12.4705262581
-22.6236331608
-22.9557302411
-29.6232055554
23.4335447358
-26.7635277758
52.4786678852
-3.00124563725
-6.05474211537
11.6774477571
-28.8785062514
-6.59566248592
-6.33841726975
-5.19919374821
-1.04001243426
-4.39663818905
9.38475249402
-1.00426936284
42.6384943714
11.4689218624
-2.05313055717
2.87579051749
140.792429468
-1.81442861437
-0.0355948918281
4.36435256206
4.95572372426
-17.1505916172
-4.67592768282
-4.03916834073
-8.8744423603
-12.0535188828
-16.2826376506
-5.87937553037
-6.63058646616
-9.69758058109
-5.5224721462
-8.77793444774
-15.0932820782
-4.71286125633
0.0464044146937
-36.9938784412
2.87987757291
0.742915655181
20.5080106767
36.5023340715
-0.830945942784
1.33697136911
0.342500837178
-0.705938797129
0.845924953891
-2.77031007568
45.7117781846
63.8677920218
-5.6761560747
39.6232293086
-5.93678199724
78.6909248541
-4.2864513755
-7.64415177895
-6.98094634972
-38.4048880272
-23.4677835169
-30.6430619331
-6.57343563684
-25.9613334103
33.4605538169
-29.0028933039
-35.247706954
-28.8545926827
24.5874894922
69.96919795
0.0601036860256
-4.12810393153
-7.39596486853
-5.62972431679
-0.277573720157
-1.45912083701
-45.4142314406
-4.38005435759
-12.9179317739
-30.5883044011
-0.71803443275
4.21947150094
-9.43929864074
-23.2125876856
-33.9066403406
6.73154390347
-7.71762089203
-35.4299259438
-9.40581302819
13.0193652994
52.3125090954
39.783249552
50.7614278129
35.2529641
6.21105007577
22.572764219
42.0963341615
81.281087688
21.3505565496
-6.1642958348
-14.0481430579
-10.2108047727
-4.71039848856
-10.155839985
-10.4077328176
-3.09053090154
-0.287203472772
-2.82656236504
1.11848586654
0.813713822209
-3.08694606085
-3.95548808996
2.32284928992
2.1859189618
1.47908581687
4.20571601626
-2.10456678768
-4.18384801306
2.24541830434
-3.28910936821
-2.18814885985
-10.6460009022
-3.54009999895
0.133464799925
6.72471578112
-5.45832328688
2.92470366884
-2.25959043956
-2.90033012817
27.274643746
-5.26603318304
-0.677750184106
-38.1639682899
26.8004914777
16.6515496221
3.05267490139
32.2317417677
-1.01750836229
-0.98031732265
-13.4225554867
-11.8864558381
-14.4440261152
16.126463139
-17.2363925955
-17.8677762589
-15.1135266677
14.5777668265
-10.3676529312
-11.8549894163
-11.8502114622
-15.1124072484
-14.5437330832
-6.0806678446
7.76484058842
-12.142913037
-8.26278480549
-15.522810251
-14.9687417153
-9.99786190105
1.03714375061
-0.411810825854
2.03015916778
-0.339787986928
0.397334147209
44.6241621095
63.727383379
-1.36287595806
8.27038882172
0.567279492789
1.01236156503
25.6604088142
12.0105461428
0.445149850154
5.75457793049
1.5390677685
24.9305593148
3.7130037544
11.6842286465
4.55882672857
-42.14670782
-42.2277235242
-49.9591540006
10.0790047625
-54.03419559
128.31280707
-57.7528317785
-39.301353506
-40.5939286448
-2.92696126566
0.893037671774
1.50676628924
5.47405964632
-0.833173178492
-0.167764168832
-2.26269718468
6.4895733739
4.82806347145
35.4757434917
6.02802475893
-20.5278335927
12.8966009689
7.3810578133
-7.32494226179
-13.0645858629
-13.839076489
13.348597906
-16.3850737043
-12.9787685905
-12.5631989392
59.8274752045
19.6890323596
-1.6284405624
21.2808632301
-3.61324702428
46.7031820487
-2.16894026194
22.5036859023
3.763621604
8.26132677533
-22.680552073
-27.4967114955
36.9779601968
37.4099727924
5.46086600829
34.0668131586
54.6177615441
6.18656697454
35.4396307695
4.63675238054
-12.5165899603
-11.5683595275
-12.9780476734
-12.0739061808
-13.6323580194
-11.5872918449
-14.6720839067
-10.9704578363
7.59225204765
-11.4156512975
-18.2805657651
-17.4508432884
-28.3541281073
-23.0887890141
-27.95848595
-17.7609724392
-11.1087230745
-19.8741771691
-11.7080955992
-28.5257026538
-2.00429763518
27.6611848278
-24.7440706344
-12.2287017296
-1.27243912161
1.07037175256
-5.92475534051
-4.12501755629
-2.42639213516
-6.45292826897
3.43005159301
46.6518772279
3.84417713493
-1.78666761108
23.6157361246
1.79036549529
1.51397940016
20.2393263694
34.9739266482
-0.181278351656
-23.7254565674
-13.0635136033
-10.3972332933
-12.1118877665
-10.5192796972
-9.43249866098
-19.454156851
24.8831725999
-7.97489538872
-12.8924673267
7.96953064059
-2.40754696013
-6.59097861628
-0.66320820079
-1.00539445961
3.09142096992
0.359018329838
-19.253049769
-0.101818663363
-1.94831724821
-5.89633382486
-5.83816143206
-8.63143109012
-9.99726939761
-7.41970292496
-6.41814738979
-7.82657341218
-7.70034983074
-7.88125305434
-7.59496128317
16.2512302345
-2.98861049486
-4.71682356174
5.85328609229
6.51559086644
112.458961771
-6.10020834979
-4.56097078651
-2.6889764859
-5.63910968513
1.33995803393
-4.37477421558
-6.27638779352
-6.04688902762
-6.8025315147
-38.3939087932
5.61825387121
-1.98356768258
-33.4733011796
-7.55879675255
-7.40023807393
-10.3845743492
-8.1627845197
-7.03718881181
-10.5339401582
-3.66271403036
-8.21284761013
-6.42838108961
-7.51293433154
-6.05399034432
-1.09838767358
-10.148322058
-9.26397782855
-9.8403911765
-9.95380568584
-8.70695003114
-9.42473862618
-0.106296155331
-7.76163814972
-6.88358211295
-3.00473324379
-12.9290139421
-1.22877263727
-12.2685428483
-1.96897922039
-3.16676463441
-18.9120927014
-0.524183486088
-18.2488190089
38.8396272309
-12.7601432371
-14.5254796802
-3.6292967196
-10.4258635056
31.5905643082
-5.31668100251
-11.472420959
-14.1086116443
19.8497061113
-11.6406802075
-9.82105579636
-23.9267280361
-6.81969988843
-19.8223194203
-16.7045967422
-30.3775076395
-21.5609567069
-29.1237733735
14.8878458211
-10.0324286308
-0.276663680557
-69.638760418
14.0947756605
-16.3953535152
4.56042120424
-0.0350890875796
-17.4146220586
5.55449173049
-0.148345891902
-0.037035487946
40.4762215958
-17.581719337
-16.3667932396
45.2741536825
-8.23477776482
-20.1729795692
16.6559621876
-17.7611101511
8.57853220821
-11.4652412609
4.16818430224
55.6732493207
-1.42881886924
20.5724611403
18.0481832315
16.3729611513
23.7930855414
42.7729974286
19.4256420455
60.0911441387
2.94840987091
-8.05443010535
-8.64933483104
-9.32176924896
-8.14034441225
-5.36198810535
4.17279838676
-8.7166112234
0.591008067566
3.59960044689
-24.4863711248
-34.0254083893
-20.2972337587
5.25756589698
-25.0065224965
-18.9221297821
14.5608883857
-18.6980882854
-30.32051512
-23.8584408831
-97.4054071102
-29.6211196937
-48.9637659509
-79.8843358357
-77.2603823253
-31.5628433407
-39.7315174973
-31.6926270165
-30.5909713586
-60.9711834792
-2.00838968615
-2.03210439761
29.0746565971
-4.47791317234
-4.08567197291
6.83000202517
-0.00624459286051
-6.94817020106
38.4905130182
-0.988830028911
11.5847352758
-0.0450217261583
-5.78264906606
20.7164466276
6.28557410043
8.11417859177
0.245350320219
8.28189593863
8.3122231416
-5.71927230452
-52.0535739027
-49.0855200956
-49.3261974457
-7.12115876539
-38.3116314386
-49.6321883516
-40.9527896344
-25.3029405926
-46.9182736354
-50.6827638637
-0.648694798716
-14.9147378964
4.45784360625
2.59636698433
4.3075343856
-2.85586750279
-12.4674634076
-3.91328861978
5.12504561488
1.30843434323
-7.09112356228
9.97316050082
66.5855075602
142.397919181
-16.1442368818
-18.6054685753
-8.37954411341
-8.53539316554
120.78464752
-15.9160413346
-10.2622586915
-16.0644063063
-12.628069104
-13.6893837441
18.055924008
8.45204055702
25.3923932313
24.919224631
-7.41104527327
-13.191358751
-4.94689972733
-2.14391638064
-10.5692889491
-1.22555505716
-5.46298685525
-4.36515821635
3.5384250259
-3.66930502516
-1.07051918016
-7.90968504336
-1.73884599034
-4.77190260749
0.175959714819
-0.528088949244
-5.70922796179
-6.74127271212
-3.47820025386
35.7145571136
-0.251409551293
8.64523249339
4.54279818262
-0.653276635672
-9.18400309808
-6.81375404199
-11.2287932171
-10.9303407225
-10.2207776472
-5.63523886824
-13.9619265781
25.1557696205
2.07941075895
-6.68347766697
-1.34203516574
1.10031932988
-2.02909357694
-0.266316212545
-14.4105288493
-7.00096984187
-4.06216002224
-5.86090231325
-13.0323220169
-4.1536122842
-15.5153610242
-0.0809805615277
-14.203806355
5.60282331142
-1.69930361165
0.524432410699
-14.7499815205
-15.0422656169
